disease_2,disease_name,category,count,co_occurrence,odds_ratio,p_value,95_ci_lower,95_ci_upper
362.10 ,"Background retinopathy, unspecified",Diseases of the nervous system,2402,101,23.7,1.925997e-97,19.16,29.04
379.90 ,"Disorder of eye, unspecified",Diseases of the nervous system,4970,121,13.53,5.620575e-89,11.17,16.27
379.99 ,Other ill-defined disorders of...,Diseases of the nervous system,4070,91,12.3,4.332901e-64,9.85,15.19
362.6 ,Peripheral retinal degeneration,Diseases of the nervous system,3848,86,12.27,1.245387e-60,9.77,15.24
362.9 ,Unspecified retinal disorder,Diseases of the nervous system,2756,58,11.45,5.548983e-40,8.66,14.89
375.15 ,"Tear film insufficiency, unspecified",Diseases of the nervous system,22598,421,11.23,2.42394e-266,10.1,12.45
373.33 ,Xeroderma of eyelid,Diseases of the nervous system,2414,48,10.78,2.84696e-32,7.91,14.38
353.9 ,Unspecified nerve root and plexus...,Diseases of the nervous system,2071,38,9.9,1.1467e-24,6.97,13.66
372.9 ,Unspecified disorder of conjunctiva,Diseases of the nervous system,4853,83,9.33,9.760026e-50,7.4,11.62
360.21 ,Progressive high (degenerative)...,Diseases of the nervous system,6117,104,9.33,9.967651e-62,7.58,11.36
362.60 ,"Peripheral retinal degeneration,...",Diseases of the nervous system,6830,113,9.09,9.307729e-66,7.46,10.99
372.15 ,Parasitic conjunctivitis,Diseases of the nervous system,2688,45,9.04,2.668458e-27,6.56,12.16
368.13 ,Visual discomfort,Diseases of the nervous system,53802,727,8.87,< 0.0001,8.16,9.64
370.33 ,"Keratoconjunctivitis sicca, not...",Diseases of the nervous system,2665,41,8.28,1.14014e-23,5.92,11.29
371.42 ,Recurrent erosion of cornea,Diseases of the nervous system,6746,101,8.18,5.264496e-55,6.64,10
372.1 ,Chronic conjunctivitis,Diseases of the nervous system,59943,736,8.05,< 0.0001,7.41,8.74
362.63 ,Lattice degeneration,Diseases of the nervous system,3907,56,7.74,3.12679e-30,5.82,10.09
367.1 ,Myopia,Diseases of the nervous system,51037,623,7.72,2.19962e-297,7.06,8.42
379.91 ,Pain in or around eye,Diseases of the nervous system,3303,45,7.33,9.826215e-24,5.32,9.85
379.21 ,Vitreous degeneration,Diseases of the nervous system,6335,84,7.2,4.225929e-42,5.72,8.95
379.24 ,Other vitreous opacities,Diseases of the nervous system,17087,212,6.96,2.116038e-99,6.02,8.01
367.2 ,Astigmatism,Diseases of the nervous system,2470,32,6.94,1.010351e-16,4.73,9.84
372.2 ,Blepharoconjunctivitis,Diseases of the nervous system,3266,41,6.74,1.675806e-20,4.82,9.18
367.20 ,"Astigmatism, unspecified",Diseases of the nervous system,3422,42,6.59,1.30524e-20,4.73,8.94
361.30 ,"Retinal defect, unspecified",Diseases of the nervous system,2945,36,6.55,7.774456e-18,4.57,9.11
367.9 ,Unspecified disorder of refraction...,Diseases of the nervous system,29421,332,6.53,9.82464e-145,5.81,7.32
372.3 ,Other and unspecified conjunctivitis,Diseases of the nervous system,13053,151,6.38,5.353545e-67,5.38,7.52
921.3 ,Contusion of eyeball,Injury and poisoning,2515,29,6.16,0.0000000000000484242,4.11,8.89
379.8 ,Other specified disorders of eye...,Diseases of the nervous system,6773,76,6.06,1.603797e-33,4.76,7.62
250.0 ,Diabetes Mellitus w/m of complication,"Endocrine, nutritional and metabolic...",4286,48,6.01,1.039777e-21,4.42,8
367 ,"Infantile, juvenile, and presenile...",Diseases of the nervous system,4209,44,5.6,6.243611e-19,4.05,7.55
367.89 ,Other disorders of refraction...,Diseases of the nervous system,6864,71,5.58,2.540715e-29,4.34,7.06
710.2 ,Sicca syndrome,Diseases of the musculoskeletal...,5007,52,5.57,5.765202e-22,4.15,7.34
374.05 ,Trichiasis of eyelid without entropion,Diseases of the nervous system,12036,122,5.53,1.783416e-48,4.58,6.64
374.89 ,Other disorders of eyelid,Diseases of the nervous system,2127,22,5.51,0.0000000003827105,3.44,8.38
370.23 ,Filamentary keratitis,Diseases of the nervous system,2573,26,5.39,0.0000000000169144,3.51,7.93
367.53 ,Spasm of accommodation,Diseases of the nervous system,4819,48,5.34,1.116706e-19,3.92,7.11
371.20 ,"Corneal edema, unspecified",Diseases of the nervous system,4014,40,5.33,1.151022e-16,3.79,7.29
250.90 ,"Diabetes with unspecified complication,...","Endocrine, nutritional and metabolic...",3500,34,5.19,0.00000000000004335849,3.58,7.28
374.00 ,"Entropion, unspecified",Diseases of the nervous system,2060,19,4.9,0.0000000349152,2.94,7.69
372.10 ,"Chronic conjunctivitis, unspecified",Diseases of the nervous system,215740,1352,4.84,< 0.0001,4.51,5.19
372 ,Disorders of conjunctiva,Diseases of the nervous system,9203,81,4.75,1.254387e-28,3.76,5.92
370.9 ,Unspecified keratitis,Diseases of the nervous system,10673,92,4.66,1.178525e-31,3.74,5.74
372.53 ,Conjunctival xerosis,Diseases of the nervous system,3875,33,4.54,0.000000000003334619,3.11,6.4
585 ,Chronic renal failure,Diseases of the genitourinary...,2938,25,4.53,0.0000000013288037,2.92,6.71
372.21 ,Angular blepharoconjunctivitis,Diseases of the nervous system,2172,18,4.4,0.00000036967569,2.6,6.98
250 ,Diabetes mellitus,"Endocrine, nutritional and metabolic...",4477,36,4.29,0.0000000000018023,2.99,5.96
360.9 ,Unspecified disorder of globe,Diseases of the nervous system,2608,21,4.28,0.000000066239626,2.64,6.56
710.0 ,Systemic lupus erythematosus,Diseases of the musculoskeletal...,7171,54,4.03,9.427276e-17,3.02,5.27
720.0 ,Ankylosing spondylitis,Diseases of the musculoskeletal...,3835,29,4.02,0.0000000009608116,2.69,5.8
437.9 ,Unspecified cerebrovascular disease,Diseases of the circulatory system,1995,15,3.99,0.0000104981,2.22,6.6
402.90 ,Unspecified hypertensive heart...,Diseases of the circulatory system,2435,18,3.92,0.000001829034,2.32,6.22
373.0 ,Blepharitis,Diseases of the nervous system,6812,48,3.76,0.00000000000005064997,2.76,5
372.8 ,Other disorders of conjunctiva,Diseases of the nervous system,3262,23,3.74,0.00000016685904,2.37,5.63
372.13 ,Vernal conjunctivitis,Diseases of the nervous system,6936,48,3.69,0.00000000000009619773,2.71,4.91
372.30 ,"Conjunctivitis, unspecified",Diseases of the nervous system,219742,1129,3.56,1.59995e-221,3.31,3.83
372.14 ,Other chronic allergic conjunctivitis,Diseases of the nervous system,190863,1005,3.52,2.71342e-200,3.27,3.8
370 ,Keratitis,Diseases of the nervous system,5777,38,3.5,0.0000000001384839,2.47,4.82
715.9 ,"Osteoarthrosis, unspecified whether...",Diseases of the musculoskeletal...,4430,29,3.48,0.000000021757534,2.32,5.01
724.7 ,Disorders of coccyx,Diseases of the musculoskeletal...,2038,13,3.38,0.0001986988,1.79,5.79
370.0 ,Corneal ulcer,Diseases of the nervous system,2717,17,3.31,0.0000287556,1.93,5.32
346 ,Migraine,Diseases of the nervous system,5875,36,3.26,0.0000000025866223,2.28,4.52
729.0 ,"Rheumatism, unspecified and fibrositis",Diseases of the musculoskeletal...,4979,30,3.2,0.000000074433415,2.15,4.58
379.93 ,Redness or discharge of eye,Diseases of the nervous system,2016,12,3.15,0.0006276283,1.62,5.52
372.39 ,Other conjunctivitis,Diseases of the nervous system,8849,51,3.07,0.0000000000127836,2.28,4.05
381.60 ,"Obstruction of Eustachian tube,...",Diseases of the nervous system,2242,13,3.07,0.0004851092,1.63,5.26
447.6 ,"Arteritis, unspecified",Diseases of the circulatory system,3292,19,3.06,0.0000298663,1.84,4.79
357.4 ,Polyneuropathy in other diseases...,Diseases of the nervous system,2097,12,3.03,0.0008780422,1.56,5.3
253.9 ,Unspecified disorder of the pituitary...,"Endocrine, nutritional and metabolic...",1943,11,2.99,0.0015352007,1.49,5.37
300.3 ,Obsessive-compulsive disorders,Mental disorders,1951,11,2.98,0.0015847929,1.48,5.35
570 ,Acute and subacute necrosis of...,Diseases of the digestive system,2149,12,2.95,0.0010789617,1.52,5.17
296 ,Disorganized type,Mental disorders,3606,20,2.94,0.0000324194,1.79,4.55
250.00 ,Diabetes mellitus without mention...,"Endocrine, nutritional and metabolic...",15584,84,2.89,1.639626e-16,2.3,3.59
401.9 ,Unspecified essential hypertension,Diseases of the circulatory system,8149,44,2.87,0.0000000021597181,2.08,3.87
414.9 ,"Chronic ischemic heart disease,...",Diseases of the circulatory system,5726,31,2.87,0.00000044370483,1.95,4.09
372.54 ,Conjunctival concretions,Diseases of the nervous system,21290,110,2.78,7.561852e-20,2.28,3.37
697.9 ,"Lichen, unspecified",Diseases of the skin and subcutaneous...,1912,10,2.76,0.0042673645,1.32,5.1
242 ,Thyrotoxicosis with or without...,"Endocrine, nutritional and metabolic...",4619,24,2.75,0.0000160426,1.76,4.11
757.39 ,Other specified anomalies of skin,Congenital anomalies,5406,28,2.74,0.0000035339571,1.82,3.98
370.2 ,Other superficial keratitis without...,Diseases of the nervous system,3485,18,2.73,0.0001857861,1.62,4.33
372.05 ,Acute atopic conjunctivitis,Diseases of the nervous system,4876,25,2.72,0.0000134647,1.75,4.02
574.2 ,Calculus of gallbladder without...,Diseases of the digestive system,2716,14,2.72,0.0009312432,1.49,4.58
253.4 ,Other anterior pituitary disorders,"Endocrine, nutritional and metabolic...",3689,19,2.72,0.0001296893,1.64,4.27
372.12 ,Chronic follicular conjunctivitis,Diseases of the nervous system,5662,29,2.71,0.0000029578306,1.81,3.91
370.20 ,"Superficial keratitis, unspecified",Diseases of the nervous system,20229,102,2.71,8.157745e-18,2.2,3.3
307.40 ,"Nonorganic sleep disorder, unspecified",Mental disorders,3346,17,2.69,0.0003321599,1.56,4.31
918.1 ,Superficial injury of cornea,Injury and poisoning,31541,156,2.68,1.097855e-25,2.27,3.15
386.19 ,Other peripheral vertigo,Diseases of the nervous system,2767,14,2.67,0.001107405,1.46,4.5
296.90 ,Unspecified episodic mood disorder,Mental disorders,2773,14,2.67,0.0011298543,1.46,4.49
239.8 ,"Neoplasms of unspecified nature,...",Neoplasms,2204,11,2.64,0.0039686779,1.31,4.73
300 ,Neurotic disorders,Mental disorders,16845,83,2.64,0.00000000000004024095,2.09,3.28
242.9 ,Thyrotoxicosis w/m of goiter or...,"Endocrine, nutritional and metabolic...",11130,55,2.63,0.000000000542854,1.98,3.44
370.40 ,"Keratoconjunctivitis, unspecified",Diseases of the nervous system,9755,48,2.62,0.0000000074337259,1.92,3.48
300.01 ,Panic disorder without agoraphobia,Mental disorders,2820,14,2.62,0.001319262,1.43,4.42
244.9 ,Unspecified acquired hypothyroidism,"Endocrine, nutritional and metabolic...",7349,36,2.6,0.00000057377856,1.82,3.61
596.5 ,Other functional disorders of...,Diseases of the genitourinary...,5942,29,2.59,0.0000072687569,1.73,3.72
527.2 ,Sialoadenitis,Diseases of the digestive system,2663,13,2.58,0.0022211097,1.37,4.42
610.0 ,Solitary cyst of breast,Diseases of the genitourinary...,3083,15,2.57,0.0011032713,1.44,4.25
038.9 ,Unspecified septicemia,Infectious and parasitic diseases,3501,17,2.57,0.0005481434,1.49,4.12
279.4 ,Autoimmune disease not elsewhere...,"Endocrine, nutritional and metabolic...",2264,11,2.57,0.0048245673,1.28,4.6
930.1 ,Foreign body in conjunctival sac,Injury and poisoning,40303,189,2.56,3.575443e-28,2.2,2.96
346.9 ,"Migraine, unspecified",Diseases of the nervous system,25782,122,2.55,6.501299e-19,2.11,3.06
718.40 ,"Contracture of joint, site unspecified",Diseases of the musculoskeletal...,2077,10,2.54,0.0074332612,1.22,4.69
242.00 ,Toxic diffuse goiter without mention...,"Endocrine, nutritional and metabolic...",10765,51,2.52,0.0000000097673328,1.87,3.32
272.2 ,Mixed hyperlipidemia,"Endocrine, nutritional and metabolic...",7612,36,2.51,0.000001754736,1.75,3.48
372.11 ,Simple chronic conjunctivitis,Diseases of the nervous system,45919,210,2.5,1.033194e-29,2.17,2.88
719.45 ,"Pain in joint, pelvic region and...",Diseases of the musculoskeletal...,1902,9,2.5,0.0119316319,1.14,4.76
371.89 ,Other corneal disorders,Diseases of the nervous system,3175,15,2.5,0.0014643504,1.39,4.13
729.9 ,Other and unspecified disorders...,Diseases of the musculoskeletal...,5767,27,2.48,0.0000463606,1.63,3.62
272 ,Disorders of lipoid metabolism,"Endocrine, nutritional and metabolic...",2354,11,2.47,0.006375505,1.23,4.43
346.1 ,Common migraine,Diseases of the nervous system,5586,26,2.46,0.0000688397,1.61,3.62
372.0 ,Acute conjunctivitis,Diseases of the nervous system,24519,112,2.45,2.610078e-16,2.01,2.97
715.36 ,"Osteoarthrosis, localized, not...",Diseases of the musculoskeletal...,4751,22,2.45,0.0001789664,1.53,3.72
354.0 ,Carpal tunnel syndrome,Diseases of the nervous system,7599,35,2.44,0.0000036141408,1.7,3.41
610.3 ,Fibrosclerosis of breast,Diseases of the genitourinary...,2164,10,2.44,0.0097065784,1.17,4.5
721.0 ,Cervical spondylosis without myelopathy,Diseases of the musculoskeletal...,7849,36,2.43,0.0000028020883,1.7,3.38
737.30 ,"Scoliosis [and kyphoscoliosis],...",Diseases of the musculoskeletal...,8060,37,2.43,0.0000019959436,1.71,3.37
370.21 ,Punctate keratitis,Diseases of the nervous system,57215,252,2.43,4.036509e-33,2.12,2.76
716.9 ,"Arthropathy, unspecified",Diseases of the musculoskeletal...,9782,44,2.39,0.00000049726223,1.73,3.21
785.0 ,"Tachycardia, unspecified","Comorbidities, signs, and ill-defined...",2426,11,2.39,0.007877224,1.19,4.3
845.0 ,Sprains and strains of ankle,Injury and poisoning,4206,19,2.39,0.000963298,1.43,3.74
070 ,Viral hepatitis,Infectious and parasitic diseases,2444,11,2.38,0.0082924057,1.18,4.26
272.0 ,Pure hypercholesterolemia,"Endocrine, nutritional and metabolic...",3331,15,2.38,0.0023011229,1.33,3.93
372.20 ,"Blepharoconjunctivitis, unspecified",Diseases of the nervous system,13050,58,2.36,0.000000012955109,1.79,3.07
229.9 ,Benign neoplasm of unspecified...,Neoplasms,2484,11,2.34,0.0092756663,1.16,4.19
300.0 ,Anxiety states,Mental disorders,23444,102,2.33,0.00000000000008340485,1.89,2.84
215 ,Other benign neoplasm of connective...,Neoplasms,2043,9,2.32,0.0180562225,1.06,4.43
300.89 ,Other somatoform disorders,Mental disorders,2740,12,2.31,0.0073624095,1.19,4.05
386.12 ,Vestibular neuronitis,Diseases of the nervous system,5950,26,2.31,0.0001343112,1.51,3.4
704.00 ,"Alopecia, unspecified",Diseases of the skin and subcutaneous...,4591,20,2.3,0.0008793033,1.4,3.57
616.5 ,Ulceration of vulva,Diseases of the genitourinary...,3671,16,2.3,0.0032232662,1.31,3.75
242.90 ,Thyrotoxicosis without mention...,"Endocrine, nutritional and metabolic...",24474,105,2.3,0.00000000000008732296,1.87,2.79
272.4 ,Other and unspecified hyperlipidemia,"Endocrine, nutritional and metabolic...",15349,66,2.29,0.0000000036164255,1.77,2.92
240.0 ,"Goiter, specified as simple","Endocrine, nutritional and metabolic...",4862,21,2.28,0.0006953591,1.41,3.5
370.00 ,"Corneal ulcer, unspecified",Diseases of the nervous system,11238,48,2.27,0.00000056815855,1.67,3.02
715.90 ,"Osteoarthrosis, unspecified whether...",Diseases of the musculoskeletal...,14385,61,2.26,0.000000022005649,1.72,2.91
719.44 ,"Pain in joint, hand",Diseases of the musculoskeletal...,2100,9,2.26,0.0210873915,1.03,4.3
724.02 ,"Spinal stenosis, lumbar region,...",Diseases of the musculoskeletal...,2330,10,2.26,0.0154684658,1.08,4.18
296.30 ,"Major depressive affective disorder,...",Mental disorders,2802,12,2.26,0.0134648038,1.17,3.96
443.9 ,"Peripheral vascular disease, unspecified",Diseases of the circulatory system,2110,9,2.25,0.0216546617,1.03,4.28
307.4 ,Specific disorders of sleep of...,Mental disorders,2362,10,2.23,0.0168217897,1.07,4.12
478.22 ,Parapharyngeal abscess,Diseases of the respiratory system,2362,10,2.23,0.0168217897,1.07,4.12
706.3 ,Seborrhea,Diseases of the skin and subcutaneous...,18533,77,2.22,0.0000000008419898,1.74,2.78
214.9 ,"Lipoma, unspecified site",Neoplasms,2137,9,2.22,0.0232408267,1.01,4.23
307.42 ,Persistent disorder of initiating...,Mental disorders,4787,20,2.21,0.0012910567,1.35,3.42
372.56 ,Conjunctival deposits,Diseases of the nervous system,2386,10,2.21,0.028475004,1.06,4.08
706 ,Diseases of sebaceous glands,Diseases of the skin and subcutaneous...,2869,12,2.21,0.0145133205,1.14,3.87
246 ,Other disorders of thyroid,"Endocrine, nutritional and metabolic...",4775,20,2.21,0.0012594722,1.35,3.43
799.9 ,Other unknown and unspecified...,"Comorbidities, signs, and ill-defined...",2871,12,2.21,0.0145490899,1.14,3.86
854 ,Intracranial injury of other and...,Injury and poisoning,3338,14,2.21,0.0075065705,1.21,3.73
310.2 ,Postconcussion syndrome,Mental disorders,4583,19,2.19,0.001842551,1.32,3.43
784.2 ,"Swelling, mass, or lump in head...","Comorbidities, signs, and ill-defined...",8477,35,2.19,0.0000433776,1.52,3.05
680 ,Carbuncle and furuncle,Diseases of the skin and subcutaneous...,5072,21,2.19,0.0010747218,1.35,3.35
300.4 ,Dysthymic disorder,Mental disorders,30179,123,2.19,0.00000000000003041119,1.81,2.62
429.9 ,"Heart disease, unspecified",Diseases of the circulatory system,4856,20,2.18,0.0014909801,1.33,3.37
581.9 ,Nephrotic syndrome with unspecified...,Diseases of the genitourinary...,2434,10,2.17,0.02984026,1.04,4
380.2 ,Other otitis externa,Diseases of the nervous system,3662,15,2.16,0.0063376166,1.21,3.58
714.0 ,Rheumatoid arthritis,Diseases of the musculoskeletal...,8083,33,2.16,0.0000872198,1.48,3.04
571 ,Chronic liver disease and cirrhosis,Diseases of the digestive system,3916,16,2.16,0.0048377037,1.23,3.51
580 ,Acute glomerulonephritis,Diseases of the genitourinary...,1971,8,2.14,0.0374486189,0.92,4.23
386.00 ,"Minihre's disease, unspecified",Diseases of the nervous system,11168,45,2.14,0.000005416754,1.55,2.87
427.9 ,"Cardiac dysrhythmia, unspecified",Diseases of the circulatory system,21946,88,2.14,0.0000000002488114,1.71,2.65
054 ,Herpes simplex,Infectious and parasitic diseases,2466,10,2.14,0.0309103087,1.02,3.94
386.2 ,Vertigo of central origin,Diseases of the nervous system,4720,19,2.13,0.0035531621,1.28,3.33
493 ,Asthma,Diseases of the respiratory system,8748,35,2.12,0.000063275,1.47,2.95
532.9 ,"Duodenal ulcer, unspecified as...",Diseases of the digestive system,3485,14,2.12,0.0095427973,1.16,3.57
382.0 ,Acute suppurative otitis media,Diseases of the nervous system,2754,11,2.11,0.0236878646,1.05,3.78
782.3 ,Edema,"Comorbidities, signs, and ill-defined...",13822,55,2.11,0.00000068169183,1.59,2.76
246.9 ,Unspecified disorder of thyroid,"Endocrine, nutritional and metabolic...",19195,76,2.11,0.000000008483037,1.66,2.65
370.49 ,Other keratoconjunctivitis,Diseases of the nervous system,8516,34,2.11,0.0000847486,1.46,2.96
726.9 ,Unspecified enthesopathy,Diseases of the musculoskeletal...,5814,23,2.09,0.0012725403,1.32,3.14
788.3 ,Incontinence of urine,"Comorbidities, signs, and ill-defined...",3558,14,2.08,0.0108677507,1.13,3.49
306.8 ,Other specified psychophysiological...,Mental disorders,4333,17,2.07,0.0072720882,1.2,3.32
610 ,Benign mammary dysplasias,Diseases of the genitourinary...,4878,19,2.06,0.004236399,1.24,3.22
726.0 ,Adhesive capsulitis of shoulder,Diseases of the musculoskeletal...,3069,12,2.06,0.0194352395,1.06,3.61
533.9 ,"Peptic ulcer, site unspecified,...",Diseases of the digestive system,30731,118,2.06,0.000000000003531169,1.7,2.47
380.1 ,Infective otitis externa,Diseases of the nervous system,4917,19,2.04,0.0044629908,1.23,3.19
737.3 ,Kyphoscoliosis and scoliosis,Diseases of the musculoskeletal...,2322,9,2.04,0.0483459093,0.93,3.89
577.0 ,Acute pancreatitis,Diseases of the digestive system,2351,9,2.02,0.0501464264,0.92,3.84
372.72 ,Conjunctival hemorrhage,Diseases of the nervous system,17408,66,2.02,0.00000043323329,1.55,2.57
238.3 ,Neoplasm of uncertain behavior...,Neoplasms,2093,8,2.01,0.068392203,0.87,3.98
617.1 ,Endometriosis of ovary,Diseases of the genitourinary...,9537,36,2,0.0002044818,1.4,2.77
346.0 ,Classical migraine,Diseases of the nervous system,2909,11,1.99,0.029981024,0.99,3.58
380.22 ,Other acute otitis externa,Diseases of the nervous system,25437,95,1.99,0.0000000018289678,1.61,2.45
388.8 ,Other disorders of ear,Diseases of the nervous system,3172,12,1.99,0.0230921885,1.03,3.49
373.00 ,"Blepharitis, unspecified",Diseases of the nervous system,29409,109,1.98,0.0000000002085088,1.62,2.4
924.3 ,Contusion of toe,Injury and poisoning,2660,10,1.98,0.0401787126,0.95,3.65
491.9 ,Unspecified chronic bronchitis,Diseases of the respiratory system,22636,84,1.98,0.000000022023698,1.57,2.46
839.8 ,"Closed dislocation, multiple and...",Injury and poisoning,5067,19,1.98,0.0055701452,1.19,3.1
721.1 ,Cervical spondylosis with myelopathy,Diseases of the musculoskeletal...,2685,10,1.96,0.0417258423,0.94,3.62
786.0 ,Dyspnea and respiratory abnormalities,"Comorbidities, signs, and ill-defined...",4852,18,1.96,0.0076814659,1.16,3.1
345.90 ,"Epilepsy, unspecified, without...",Diseases of the nervous system,4068,15,1.95,0.0168693026,1.09,3.22
242.0 ,Toxic diffuse goiter,"Endocrine, nutritional and metabolic...",3244,12,1.95,0.038892737,1.01,3.42
277.9 ,Unspecified disorder of metabolism,"Endocrine, nutritional and metabolic...",2432,9,1.95,0.0559361287,0.89,3.71
703.0 ,Ingrowing nail,Diseases of the skin and subcutaneous...,3254,12,1.94,0.0391455949,1,3.41
716 ,Other and unspecified arthropathies,Diseases of the musculoskeletal...,2459,9,1.93,0.0581143507,0.88,3.67
716.90 ,"Arthropathy, unspecified, site...",Diseases of the musculoskeletal...,17065,62,1.93,0.0000033434368,1.48,2.48
726.71 ,Achilles bursitis or tendinitis,Diseases of the musculoskeletal...,2179,8,1.93,0.0757974241,0.83,3.82
729.5 ,Pain in limb,Diseases of the musculoskeletal...,8773,32,1.93,0.0007593842,1.32,2.73
282.4 ,Thalassemias,Diseases of the blood and blood-forming...,5749,21,1.93,0.0055542442,1.19,2.96
582.9 ,Chronic glomerulonephritis with...,Diseases of the genitourinary...,5766,21,1.92,0.0056627055,1.19,2.95
617 ,Endometriosis,Diseases of the genitourinary...,3292,12,1.92,0.0402088155,0.99,3.37
300.9 ,Unspecified nonpsychotic mental...,Mental disorders,30740,110,1.91,0.0000000012395406,1.57,2.31
583 ,"Nephritis and nephropathy, not...",Diseases of the genitourinary...,1930,7,1.91,0.1044290026,0.77,3.95
599 ,Other disorders of urethra and...,Diseases of the genitourinary...,8837,32,1.91,0.0008059014,1.31,2.71
717.9 ,Unspecified internal derangement...,Diseases of the musculoskeletal...,3315,12,1.91,0.0409310742,0.98,3.34
360.89 ,Other disorders of globe,Diseases of the nervous system,3600,13,1.9,0.0312793135,1.01,3.26
788.1 ,Dysuria,"Comorbidities, signs, and ill-defined...",8328,30,1.9,0.0013782642,1.28,2.73
349 ,Other and unspecified disorders...,Diseases of the nervous system,2229,8,1.89,0.0808620761,0.81,3.74
706.2 ,Sebaceous cyst,Diseases of the skin and subcutaneous...,19140,68,1.89,0.0000023190182,1.46,2.4
381.81 ,Dysfunction of Eustachian tube,Diseases of the nervous system,22014,78,1.89,0.00000047479382,1.49,2.36
218.1 ,Intramural leiomyoma of uterus,Neoplasms,2228,8,1.89,0.0807553977,0.82,3.74
307.41 ,Transient disorder of initiating...,Mental disorders,3085,11,1.88,0.056478376,0.94,3.37
307.81 ,Tension headache,Mental disorders,28448,100,1.88,0.000000013983683,1.52,2.29
710.9 ,Unspecified diffuse connective...,Diseases of the musculoskeletal...,2516,9,1.88,0.0631190348,0.86,3.59
573.3 ,"Hepatitis, unspecified",Diseases of the digestive system,14702,52,1.87,0.0000365486,1.4,2.47
583.9 ,"Nephritis and nephropathy, not...",Diseases of the genitourinary...,4522,16,1.87,0.0235654166,1.06,3.04
695.89 ,Other specified erythematous conditions,Diseases of the skin and subcutaneous...,3108,11,1.87,0.0574451272,0.93,3.35
413.9 ,Other and unspecified angina pectoris,Diseases of the circulatory system,4225,15,1.87,0.0206167006,1.05,3.1
424.0 ,Mitral valve disorders,Diseases of the circulatory system,22432,79,1.87,0.00000042794831,1.48,2.34
845.10 ,"Sprain of foot, unspecified site",Injury and poisoning,2817,10,1.87,0.0762769136,0.9,3.45
611.79 ,Other signs and symptoms in breast,Diseases of the genitourinary...,2839,10,1.86,0.0772497919,0.89,3.42
919 ,"Superficial injury of other, multiple,...",Injury and poisoning,2837,10,1.86,0.0771575526,0.89,3.43
625.6 ,"Stress incontinence, female",Diseases of the genitourinary...,2544,9,1.86,0.0657787489,0.85,3.55
253.8 ,Other disorders of the pituitary...,"Endocrine, nutritional and metabolic...",3113,11,1.86,0.0576654873,0.93,3.34
805.6 ,Closed fracture of sacrum and...,Injury and poisoning,3113,11,1.86,0.0576654873,0.93,3.34
848.8 ,Other specified sites of sprains...,Injury and poisoning,6522,23,1.86,0.0060471333,1.18,2.8
300.02 ,Generalized anxiety disorder,Mental disorders,8501,30,1.86,0.0016220341,1.26,2.67
371.24 ,Corneal edema due to wearing of...,Diseases of the nervous system,6817,24,1.86,0.0048254504,1.19,2.77
571.4 ,Chronic hepatitis,Diseases of the digestive system,33421,116,1.86,0.0000000019258854,1.53,2.23
097.9 ,"Syphilis, unspecified",Infectious and parasitic diseases,2281,8,1.85,0.0867084176,0.8,3.65
682.8 ,Cellulitis and abscess of other...,Diseases of the skin and subcutaneous...,5975,21,1.85,0.0101787525,1.15,2.84
311 ,"Depressive disorder, not elsewhere...",Mental disorders,6319,22,1.84,0.0082799533,1.15,2.79
356.9 ,Unspecified hereditary and idiopathic...,Diseases of the nervous system,4011,14,1.84,0.0284010802,1,3.1
389.9 ,Unspecified hearing loss,Diseases of the nervous system,5168,18,1.84,0.0152262602,1.09,2.91
719.4 ,Pain in joint,Diseases of the musculoskeletal...,7171,25,1.84,0.0058708531,1.19,2.72
785.1 ,Palpitations,"Comorbidities, signs, and ill-defined...",28149,97,1.84,0.000000058890404,1.49,2.25
278.0 ,Obesity,"Endocrine, nutritional and metabolic...",11523,40,1.84,0.0005141064,1.31,2.51
680.8 ,Carbuncle and furuncle of other...,Diseases of the skin and subcutaneous...,3734,13,1.84,0.0362179155,0.98,3.15
003.0 ,Salmonella gastroenteritis,Infectious and parasitic diseases,3465,12,1.83,0.0470992208,0.94,3.2
483 ,Pneumonia due to other specified...,Diseases of the respiratory system,2010,7,1.83,0.1146686466,0.74,3.79
266.9 ,Unspecified vitamin B deficiency,"Endocrine, nutritional and metabolic...",2020,7,1.83,0.1160744874,0.73,3.77
372.00 ,"Acute conjunctivitis, unspecified",Diseases of the nervous system,191409,609,1.82,4.521229e-36,1.67,1.99
693.1 ,Dermatitis due to food taken internally,Diseases of the skin and subcutaneous...,3770,13,1.82,0.0378148198,0.97,3.12
826.0 ,Closed fracture of one or more...,Injury and poisoning,2031,7,1.82,0.1176524245,0.73,3.75
386 ,Vertiginous syndromes and other...,Diseases of the nervous system,7300,25,1.81,0.00636925,1.17,2.68
727.01 ,Synovitis and tenosynovitis in...,Diseases of the musculoskeletal...,2037,7,1.81,0.1185269366,0.73,3.74
240.9 ,"Goiter, unspecified","Endocrine, nutritional and metabolic...",21677,74,1.81,0.0000030824165,1.42,2.28
533.91 ,"Peptic ulcer of unspecified site,...",Diseases of the digestive system,2041,7,1.81,0.1191153347,0.72,3.73
816.00 ,Closed fracture of phalanx or...,Injury and poisoning,2334,8,1.81,0.0932626618,0.78,3.57
690 ,Erythematosquamous dermatosis,Diseases of the skin and subcutaneous...,32907,111,1.8,0.000000021232349,1.48,2.18
727.0 ,Synovitis and tenosynovitis,Diseases of the musculoskeletal...,9106,31,1.8,0.0023707717,1.22,2.56
253.1 ,Other and unspecified anterior...,"Endocrine, nutritional and metabolic...",11786,40,1.8,0.0006247482,1.28,2.45
285.8 ,Other specified anemias,Diseases of the blood and blood-forming...,4100,14,1.8,0.0443000581,0.98,3.03
349.89 ,Other specified disorders of nervous...,Diseases of the nervous system,2054,7,1.79,0.1210572315,0.72,3.71
617.8 ,Endometriosis of other specified...,Diseases of the genitourinary...,2350,8,1.79,0.0953574547,0.77,3.54
724.79 ,Other disorders of coccyx,Diseases of the musculoskeletal...,3832,13,1.79,0.0408374187,0.95,3.07
276.9 ,Electrolyte and fluid disorders...,"Endocrine, nutritional and metabolic...",3232,11,1.79,0.0639774072,0.89,3.22
693.0 ,Dermatitis due to drugs and medicines...,Diseases of the skin and subcutaneous...,9486,32,1.78,0.0027996887,1.22,2.52
611 ,Other disorders of breast,Diseases of the genitourinary...,5646,19,1.78,0.0199258061,1.07,2.78
386.10 ,"Peripheral vertigo, unspecified",Diseases of the nervous system,8287,28,1.78,0.0048805075,1.18,2.59
455.9 ,Residual hemorrhoidal skin tags,Diseases of the circulatory system,3248,11,1.78,0.064981292,0.89,3.2
473.0 ,Chronic maxillary sinusitis,Diseases of the respiratory system,3249,11,1.78,0.0650452486,0.89,3.2
472.1 ,Chronic pharyngitis,Diseases of the respiratory system,29841,99,1.77,0.00000028426935,1.43,2.16
842.10 ,"Sprain of hand, unspecified site",Injury and poisoning,2088,7,1.77,0.1263472286,0.71,3.65
707.9 ,Chronic ulcer of unspecified site,Diseases of the skin and subcutaneous...,2089,7,1.76,0.1265073829,0.71,3.65
945.00 ,Burn of unspecified degree of...,Injury and poisoning,3885,13,1.76,0.0603786548,0.94,3.02
727.43 ,"Ganglion, unspecified",Diseases of the musculoskeletal...,5986,20,1.76,0.0164617285,1.07,2.73
845.09 ,Other sprains and strains of ankle,Injury and poisoning,9303,31,1.76,0.0037823162,1.19,2.51
381.4 ,"Nonsuppurative otitis media, not...",Diseases of the nervous system,4220,14,1.75,0.0480933231,0.95,2.94
427.89 ,Other specified cardiac dysrhythmias,Diseases of the circulatory system,3617,12,1.75,0.0800477155,0.9,3.06
930.0 ,Corneal foreign body,Injury and poisoning,26815,88,1.75,0.0000018752254,1.4,2.16
780.5 ,Sleep disturbance,"Comorbidities, signs, and ill-defined...",15167,50,1.75,0.0003312772,1.29,2.31
726.90 ,Enthesopathy of unspecified site,Diseases of the musculoskeletal...,35297,115,1.74,0.000000066142142,1.43,2.1
727.9 ,"Unspecified disorder of synovium,...",Diseases of the musculoskeletal...,3627,12,1.74,0.0803961478,0.9,3.05
280.0 ,Iron deficiency anemia secondary...,Diseases of the blood and blood-forming...,6075,20,1.74,0.024982475,1.06,2.69
296.2 ,"Major depressive disorder, single...",Mental disorders,4239,14,1.74,0.0488208761,0.95,2.93
616.4 ,Other abscess of vulva,Diseases of the genitourinary...,4884,16,1.73,0.0450819835,0.99,2.81
729.4 ,"Fasciitis, unspecified",Diseases of the musculoskeletal...,56583,182,1.73,0.00000000002669993,1.48,2.01
701.1 ,"Keratoderma, acquired",Diseases of the skin and subcutaneous...,12901,42,1.72,0.0010806307,1.24,2.33
617.0 ,Endometriosis of uterus,Diseases of the genitourinary...,11344,37,1.72,0.0022445419,1.21,2.38
529.0 ,Glossitis,Diseases of the digestive system,2146,7,1.72,0.1360566085,0.69,3.55
239.2 ,Neoplasm of unspecified nature...,Neoplasms,4922,16,1.71,0.045944703,0.98,2.79
578.9 ,Hemorrhage of gastrointestinal...,Diseases of the digestive system,8391,27,1.7,0.0111065003,1.12,2.48
592.9 ,"Urinary calculus, unspecified",Diseases of the genitourinary...,14275,46,1.7,0.0009399713,1.25,2.28
911.4 ,"Insect bite, nonvenomous of trunk,...",Injury and poisoning,2485,8,1.7,0.1566836431,0.73,3.35
721.90 ,"Spondylosis of unspecified site,...",Diseases of the musculoskeletal...,4964,16,1.7,0.0470361854,0.97,2.77
216 ,Benign neoplasm of skin,Neoplasms,9932,32,1.7,0.0051584921,1.16,2.41
709.2 ,Scar conditions and fibrosis of...,Diseases of the skin and subcutaneous...,10628,34,1.69,0.0048258815,1.17,2.37
077.1 ,Epidemic keratoconjunctivitis,Infectious and parasitic diseases,26460,84,1.69,0.0000126282,1.34,2.1
729.1 ,"Myalgia and myositis, unspecified",Diseases of the musculoskeletal...,115933,357,1.69,1.410892e-18,1.51,1.89
782.2 ,"Localized superficial swelling,...","Comorbidities, signs, and ill-defined...",2175,7,1.69,0.2069438464,0.68,3.5
256.4 ,Polycystic ovaries,"Endocrine, nutritional and metabolic...",24490,78,1.69,0.0000223952,1.33,2.12
372.71 ,Hyperemia of conjunctiva,Diseases of the nervous system,4403,14,1.68,0.0565431883,0.91,2.82
599.9 ,Unspecified disorder of urethra...,Diseases of the genitourinary...,6592,21,1.68,0.022733058,1.04,2.57
617.3 ,Endometriosis of pelvic peritoneum,Diseases of the genitourinary...,2829,9,1.68,0.124820883,0.76,3.19
478.0 ,Hypertrophy of nasal turbinates,Diseases of the respiratory system,17377,55,1.68,0.0004218926,1.26,2.19
300.00 ,"Anxiety state, unspecified",Mental disorders,53554,168,1.68,0.0000000008999422,1.43,1.97
692.71 ,Sunburn,Diseases of the skin and subcutaneous...,1892,6,1.67,0.1828820591,0.61,3.64
470 ,Deviated nasal septum,Diseases of the respiratory system,15544,49,1.67,0.0008260908,1.23,2.21
528.2 ,Oral aphthae,Diseases of the digestive system,22206,70,1.67,0.0000705189,1.3,2.12
245.2 ,Chronic lymphocytic thyroiditis,"Endocrine, nutritional and metabolic...",3460,11,1.67,0.1114647243,0.83,3
533.10 ,Acute peptic ulcer of unspecified...,Diseases of the digestive system,1888,6,1.67,0.1820424706,0.61,3.65
259.9 ,Unspecified endocrine disorder,"Endocrine, nutritional and metabolic...",9813,31,1.67,0.0071988349,1.13,2.37
723.4 ,"Brachial neuritis or radiculitis,...",Diseases of the musculoskeletal...,2541,8,1.66,0.1625593621,0.71,3.28
533.00 ,Acute peptic ulcer of unspecified...,Diseases of the digestive system,6653,21,1.66,0.0324432011,1.03,2.55
571.9 ,Unspecified chronic liver disease...,Diseases of the digestive system,9592,30,1.65,0.009343994,1.11,2.36
692.8 ,"Contact dermatitis and other eczema,...",Diseases of the skin and subcutaneous...,7652,24,1.65,0.0239179178,1.06,2.47
345.9 ,"Epilepsy, unspecified",Diseases of the nervous system,1919,6,1.65,0.1886707707,0.6,3.59
373.1 ,Hordeolum and other deep inflammation...,Diseases of the nervous system,31528,98,1.65,0.0000045095384,1.34,2.02
717.7 ,Chondromalacia of patella,Diseases of the musculoskeletal...,7041,22,1.65,0.0268442216,1.03,2.5
726 ,Peripheral enthesopathies and...,Diseases of the musculoskeletal...,2868,9,1.65,0.129117646,0.75,3.15
727 ,"Other disorders of synovium tendon,...",Diseases of the musculoskeletal...,5109,16,1.65,0.0519164568,0.94,2.69
112.9 ,Candidiasis of unspecified site,Infectious and parasitic diseases,7354,23,1.65,0.0218238983,1.04,2.48
131.0 ,Urogenital trichomoniasis,Infectious and parasitic diseases,1913,6,1.65,0.1873663173,0.6,3.6
533 ,"Peptic ulcer, site unspecified",Diseases of the digestive system,19933,62,1.65,0.0002928267,1.26,2.12
300.09 ,Other anxiety states,Mental disorders,5735,18,1.65,0.045674377,0.98,2.62
306.9 ,Unspecified psychophysiological...,Mental disorders,13855,43,1.64,0.0023007522,1.18,2.22
622.8 ,Other specified noninflammatory...,Diseases of the genitourinary...,3215,10,1.64,0.1485203054,0.78,3.02
477 ,Allergic rhinitis,Diseases of the respiratory system,30568,94,1.64,0.0000112117,1.32,2.01
790.6 ,Other abnormal blood chemistry,"Comorbidities, signs, and ill-defined...",2242,7,1.64,0.2135436627,0.66,3.4
295 ,Schizophrenic disorders,Mental disorders,2894,9,1.64,0.1321598004,0.75,3.12
854.0 ,Intracranial injury of other and...,Injury and poisoning,4188,13,1.64,0.1049127675,0.87,2.8
894.1 ,Multiple and unspecified open...,Injury and poisoning,2585,8,1.63,0.1677693227,0.7,3.22
380.4 ,Impacted cerumen,Diseases of the nervous system,32246,99,1.63,0.0000076057119,1.32,2
706.9 ,Unspecified disease of sebaceous...,Diseases of the skin and subcutaneous...,2266,7,1.63,0.2162842395,0.65,3.36
053.9 ,Herpes zoster without mention...,Infectious and parasitic diseases,12993,40,1.63,0.0043510896,1.16,2.22
844.9 ,Sprains and strains of unspecified...,Injury and poisoning,9716,30,1.63,0.0133562187,1.1,2.33
571.49 ,Other chronic hepatitis,Diseases of the digestive system,7165,22,1.62,0.0291204461,1.01,2.46
351.0 ,Bell's palsy,Diseases of the nervous system,3248,10,1.62,0.1506372693,0.78,2.99
728.9 ,"Unspecified disorder of muscle,...",Diseases of the musculoskeletal...,20313,62,1.62,0.0004590974,1.24,2.08
784.7 ,Epistaxis,"Comorbidities, signs, and ill-defined...",18623,57,1.62,0.0006774936,1.22,2.11
532 ,Duodenal ulcer,Diseases of the digestive system,5861,18,1.62,0.0490669432,0.96,2.56
799.8 ,Other ill-defined conditions,"Comorbidities, signs, and ill-defined...",4873,15,1.62,0.0679263876,0.91,2.68
681.9 ,Cellulitis and abscess of unspecified...,Diseases of the skin and subcutaneous...,11726,36,1.62,0.0073603314,1.13,2.25
571.40 ,"Chronic hepatitis, unspecified",Diseases of the digestive system,65432,197,1.62,0.0000000007678731,1.4,1.87
723.0 ,Spinal stenosis in cervical region,Diseases of the musculoskeletal...,2287,7,1.61,0.2188389132,0.65,3.33
724.9 ,Other unspecified back disorders,Diseases of the musculoskeletal...,8826,27,1.61,0.0189926988,1.06,2.35
727.00 ,"Synovitis and tenosynovitis, unspecified",Diseases of the musculoskeletal...,60190,180,1.61,0.0000000072986136,1.37,1.87
781.9 ,Other symptoms involving nervous...,"Comorbidities, signs, and ill-defined...",3603,11,1.61,0.1210541024,0.8,2.88
241.9 ,Unspecified nontoxic nodular goiter,"Endocrine, nutritional and metabolic...",5240,16,1.61,0.0768840235,0.92,2.62
296.3 ,"Major depressive disorder, recurrent...",Mental disorders,2614,8,1.61,0.1714785125,0.69,3.18
571.8 ,Other chronic nonalcoholic liver...,Diseases of the digestive system,2966,9,1.6,0.1974256248,0.73,3.04
945.24 ,"Blisters, epidermal loss [second...",Injury and poisoning,2309,7,1.6,0.2216683312,0.64,3.3
625.8 ,Other specified symptoms associated...,Diseases of the genitourinary...,2970,9,1.6,0.1976878742,0.73,3.04
728 ,"Disorders of muscle, ligament,...",Diseases of the musculoskeletal...,8914,27,1.6,0.0199568959,1.05,2.33
110.1 ,Dermatophytosis of nail,Infectious and parasitic diseases,24799,75,1.6,0.0001666646,1.26,2.02
110.3 ,Dermatophytosis of groin and perianal...,Infectious and parasitic diseases,8249,25,1.6,0.0297420729,1.03,2.37
226 ,Benign neoplasm of thyroid glands,Neoplasms,3619,11,1.6,0.122353054,0.8,2.87
239.3 ,Neoplasm of unspecified nature...,Neoplasms,6908,21,1.6,0.0369452753,0.99,2.46
556 ,Idiopathic proctocolitis,Diseases of the digestive system,3961,12,1.6,0.1005978608,0.82,2.79
496 ,"Chronic airway obstruction, not...",Diseases of the respiratory system,3636,11,1.59,0.1237817426,0.79,2.86
786.5 ,Chest pain,"Comorbidities, signs, and ill-defined...",22685,68,1.59,0.0003913107,1.23,2.02
794.8 ,Nonspecific abnormal results of...,"Comorbidities, signs, and ill-defined...",7299,22,1.59,0.0414337589,0.99,2.41
296.20 ,"Major depressive affective disorder,...",Mental disorders,4308,13,1.59,0.1101686079,0.84,2.72
696.1 ,Other psoriasis,Diseases of the skin and subcutaneous...,5668,17,1.58,0.0652883849,0.92,2.54
591 ,Hydronephrosis,Diseases of the genitourinary...,3989,12,1.58,0.1396281229,0.82,2.77
592.0 ,Calculus of kidney,Diseases of the genitourinary...,12056,36,1.58,0.0112216587,1.1,2.19
706.8 ,Other specified diseases of sebaceous...,Diseases of the skin and subcutaneous...,4671,14,1.58,0.0907269037,0.86,2.66
715 ,Osteoarthrosis and allied disorders,Diseases of the musculoskeletal...,5675,17,1.58,0.0655766719,0.92,2.53
241.1 ,Nontoxic multinodular goiter,"Endocrine, nutritional and metabolic...",2664,8,1.58,0.1783692573,0.68,3.12
280.9 ,"Iron deficiency anemia, unspecified",Diseases of the blood and blood-forming...,18365,55,1.58,0.0015304574,1.19,2.07
578.1 ,Blood in stool,Diseases of the digestive system,2351,7,1.57,0.2274914369,0.63,3.24
705.89 ,Other specified disorders of sweat...,Diseases of the skin and subcutaneous...,2679,8,1.57,0.1805553578,0.68,3.11
611.6 ,Galactorrhea not associated with...,Diseases of the genitourinary...,2685,8,1.57,0.181444822,0.68,3.1
719.47 ,"Pain in joint, ankle and foot",Diseases of the musculoskeletal...,2681,8,1.57,0.1808508971,0.68,3.1
722.1 ,Displacement of thoracic or lumbar...,Diseases of the musculoskeletal...,2345,7,1.57,0.2266264368,0.63,3.25
216.9 ,"Benign neoplasm of skin, site...",Neoplasms,43929,129,1.57,0.0000028932329,1.3,1.87
533.90 ,"Peptic ulcer of unspecified site,...",Diseases of the digestive system,76708,223,1.57,0.0000000011867797,1.36,1.79
681.00 ,"Cellulitis and abscess of finger,...",Diseases of the skin and subcutaneous...,2011,6,1.57,0.2929645611,0.58,3.43
592.1 ,Calculus of ureter,Diseases of the genitourinary...,7790,23,1.56,0.0485390301,0.98,2.34
595.89 ,Other specified types of cystitis,Diseases of the genitourinary...,2022,6,1.56,0.294367655,0.57,3.41
708.8 ,Other specified urticaria,Diseases of the skin and subcutaneous...,22735,67,1.56,0.0007039796,1.21,1.99
780.59 ,Other sleep disturbances,"Comorbidities, signs, and ill-defined...",3716,11,1.56,0.1311648128,0.78,2.8
531.30 ,Acute gastric ulcer without mention...,Diseases of the digestive system,4390,13,1.56,0.1149840096,0.83,2.67
695.0 ,Toxic erythema,Diseases of the skin and subcutaneous...,5090,15,1.55,0.1031712276,0.87,2.57
706.1 ,Other acne,Diseases of the skin and subcutaneous...,371329,981,1.55,8.456237e-29,1.44,1.67
919.1 ,"Abrasion or friction burn of other,...",Injury and poisoning,3063,9,1.55,0.2049701815,0.71,2.94
722.0 ,Displacement of cervical intervertebral...,Diseases of the musculoskeletal...,5783,17,1.55,0.0927207976,0.9,2.49
472 ,Chronic pharyngitis and nasopharyngitis,Diseases of the respiratory system,9533,28,1.55,0.0249101383,1.03,2.24
472.0 ,Chronic rhinitis,Diseases of the respiratory system,86269,247,1.55,0.0000000005927135,1.35,1.76
477.9 ,"Allergic rhinitis, cause unspecified",Diseases of the respiratory system,202709,561,1.55,3.018819e-19,1.41,1.69
733.00 ,"Osteoporosis, unspecified",Diseases of the musculoskeletal...,2724,8,1.55,0.1874315995,0.67,3.05
530.9 ,Unspecified disorder of esophagus,Diseases of the digestive system,3402,10,1.55,0.163628406,0.74,2.85
531 ,Gastric ulcer,Diseases of the digestive system,5423,16,1.55,0.083829332,0.89,2.53
843.9 ,Sprains and strains of unspecified...,Injury and poisoning,3399,10,1.55,0.1633281567,0.74,2.86
693.8 ,Dermatitis due to other specified...,Diseases of the skin and subcutaneous...,15103,44,1.54,0.0064186053,1.12,2.07
349.9 ,Unspecified disorders of nervous...,Diseases of the nervous system,9270,27,1.54,0.030954178,1.01,2.24
701.4 ,Keloid scar,Diseases of the skin and subcutaneous...,24496,71,1.54,0.0008412229,1.2,1.94
381.01 ,Acute serous otitis media,Diseases of the nervous system,2730,8,1.54,0.1883836958,0.66,3.05
722 ,Intervertebral disc disorders,Diseases of the musculoskeletal...,3071,9,1.54,0.205700072,0.7,2.94
473.9 ,Unspecified sinusitis (chronic),Diseases of the respiratory system,33525,97,1.54,0.0000822792,1.24,1.88
780.7 ,Malaise and fatigue,"Comorbidities, signs, and ill-defined...",50560,146,1.54,0.0000013620517,1.3,1.82
274.9 ,"Gout, unspecified","Endocrine, nutritional and metabolic...",8928,26,1.54,0.0371309181,1,2.26
682.9 ,Cellulitis and abscess of unspecified...,Diseases of the skin and subcutaneous...,49851,144,1.54,0.0000018985596,1.3,1.82
850 ,Concussion,Injury and poisoning,7190,21,1.54,0.056013839,0.95,2.36
880.03 ,"Open wound of upper arm, without...",Injury and poisoning,2749,8,1.53,0.2643713496,0.66,3.03
493.9 ,"Asthma, unspecified",Diseases of the respiratory system,9310,27,1.53,0.0316466503,1.01,2.23
536.9 ,Unspecified functional disorder...,Diseases of the digestive system,254539,687,1.53,2.868133e-21,1.4,1.66
615.1 ,Chronic inflammatory diseases...,Diseases of the genitourinary...,2426,7,1.52,0.2391935489,0.61,3.14
111.9 ,"Dermatomycosis, unspecified",Infectious and parasitic diseases,6241,18,1.52,0.0796096802,0.9,2.41
533.40 ,Chronic or unspecified peptic...,Diseases of the digestive system,5200,15,1.52,0.1086869768,0.85,2.51
535.5 ,Unspecified gastritis & gastroduodenitis,Diseases of the digestive system,26480,76,1.52,0.0006189313,1.19,1.91
285.9 ,"Anemia, unspecified",Diseases of the blood and blood-forming...,49139,140,1.52,0.0000046069356,1.27,1.8
316 ,Psychic factors associated with...,Mental disorders,2086,6,1.51,0.3034289093,0.55,3.3
715.00 ,"Osteoarthrosis, generalized, site...",Diseases of the musculoskeletal...,2437,7,1.51,0.2410432355,0.61,3.12
298.9 ,Unspecified psychosis,Mental disorders,2780,8,1.51,0.2669224738,0.65,2.99
373.11 ,Hordeolum externum,Diseases of the nervous system,95992,266,1.5,0.0000000025255856,1.31,1.7
704.8 ,Other specified diseases of hair...,Diseases of the skin and subcutaneous...,48949,138,1.5,0.0000093119497,1.26,1.78
620.0 ,Follicular cyst of ovary,Diseases of the genitourinary...,6680,19,1.5,0.0887991197,0.9,2.35
719.49 ,"Pain in joint, multiple sites",Diseases of the musculoskeletal...,4574,13,1.5,0.1687098723,0.8,2.57
721.3 ,Lumbosacral spondylosis without...,Diseases of the musculoskeletal...,15128,43,1.5,0.0111260384,1.08,2.03
722.10 ,Displacement of lumbar intervertebral...,Diseases of the musculoskeletal...,16252,46,1.5,0.0109030093,1.09,2
722.93 ,"Other and unspecified disc disorder,...",Diseases of the musculoskeletal...,5270,15,1.5,0.1129470623,0.84,2.48
464 ,Acute laryngitis and tracheitis,Diseases of the respiratory system,58117,163,1.5,0.0000019438223,1.27,1.76
786.59 ,Other chest pain,"Comorbidities, signs, and ill-defined...",11585,33,1.5,0.0242348963,1.03,2.12
256.9 ,Unspecified ovarian dysfunction,"Endocrine, nutritional and metabolic...",27166,77,1.5,0.0009258501,1.18,1.88
564 ,"Functional digestive disorders,...",Diseases of the digestive system,31559,89,1.5,0.0004095516,1.2,1.85
573.8 ,Other specified disorders of liver,Diseases of the digestive system,2119,6,1.49,0.3086694727,0.55,3.25
873.40 ,"Open wound of face, unspecified...",Injury and poisoning,17726,50,1.49,0.0071092725,1.1,1.97
610.2 ,Fibroadenosis of breast,Diseases of the genitourinary...,8502,24,1.49,0.0598361627,0.95,2.22
708 ,Urticaria,Diseases of the skin and subcutaneous...,16262,46,1.49,0.0109282412,1.09,2
623.8 ,Other specified noninflammatory...,Diseases of the genitourinary...,3540,10,1.49,0.2395817411,0.71,2.74
989.5 ,Toxic effect of venom,Injury and poisoning,8509,24,1.49,0.0600013077,0.95,2.22
842.00 ,"Sprain of wrist, unspecified site",Injury and poisoning,5642,16,1.49,0.1222271357,0.85,2.43
847.2 ,Sprain of lumbar,Injury and poisoning,26292,74,1.49,0.0012787438,1.17,1.88
611.8 ,Other specified disorders of breast,Diseases of the genitourinary...,2838,8,1.48,0.2724517631,0.64,2.93
923.20 ,Contusion of hand(s),Injury and poisoning,6764,19,1.48,0.0919377684,0.89,2.32
625.4 ,Premenstrual tension syndromes,Diseases of the genitourinary...,5688,16,1.48,0.124321211,0.85,2.41
477.0 ,Allergic rhinitis due to pollen,Diseases of the respiratory system,3553,10,1.48,0.2404216851,0.71,2.73
490 ,"Bronchitis, not specified as acute...",Diseases of the respiratory system,43827,122,1.48,0.0000606129,1.23,1.78
783.0 ,Anorexia,"Comorbidities, signs, and ill-defined...",2140,6,1.48,0.3121940337,0.54,3.22
595.2 ,Other chronic cystitis,Diseases of the genitourinary...,2872,8,1.47,0.2761338011,0.63,2.9
700 ,Corns and callosities,Diseases of the skin and subcutaneous...,10387,29,1.47,0.0417997965,0.98,2.12
611.9 ,Unspecified breast disorder,Diseases of the genitourinary...,39424,109,1.47,0.0001757793,1.2,1.78
719.46 ,"Pain in joint, lower leg",Diseases of the musculoskeletal...,5014,14,1.47,0.1428862693,0.8,2.47
724.4 ,Thoracic or lumbosacral neuritis...,Diseases of the musculoskeletal...,3579,10,1.47,0.2422197887,0.7,2.71
008.5 ,"Bacterial enteritis, unspecified",Infectious and parasitic diseases,6461,18,1.47,0.1129125286,0.87,2.32
627.2 ,Symptomatic menopausal or female...,Diseases of the genitourinary...,3930,11,1.47,0.1951675394,0.73,2.64
070.30 ,Viral hepatitis B without mention...,Infectious and parasitic diseases,26001,72,1.47,0.0025005569,1.14,1.85
728.89 ,"Other disorders of muscle, ligament,...",Diseases of the musculoskeletal...,9338,26,1.47,0.0560025493,0.96,2.16
216.3 ,Benign neoplasm of skin of other...,Neoplasms,8590,24,1.47,0.0621100037,0.94,2.2
530.1 ,Esophagitis,Diseases of the digestive system,23411,65,1.47,0.0031859521,1.13,1.88
564.1 ,Irritable bowel syndrome,Diseases of the digestive system,67940,187,1.47,0.0000011534897,1.26,1.71
692.81 ,Dermatitis due to cosmetics,Diseases of the skin and subcutaneous...,3963,11,1.46,0.1981591759,0.73,2.62
614.4 ,Chronic or unspecified parametritis...,Diseases of the genitourinary...,8299,23,1.46,0.0757865819,0.92,2.2
715.16 ,"Osteoarthrosis, localized, primary,...",Diseases of the musculoskeletal...,2163,6,1.46,0.3162167646,0.53,3.19
110 ,Dermatophytosis,Infectious and parasitic diseases,2891,8,1.46,0.2783281548,0.63,2.88
491 ,Chronic bronchitis,Diseases of the respiratory system,5791,16,1.46,0.129911143,0.83,2.37
528.9 ,Other and unspecified diseases...,Diseases of the digestive system,50290,138,1.46,0.0000316453,1.22,1.73
535.0 ,Acute gastritis,Diseases of the digestive system,59049,161,1.46,0.0000095376033,1.23,1.71
285 ,Other and unspecified anemias,Diseases of the blood and blood-forming...,2515,7,1.46,0.2550707149,0.59,3.03
573.9 ,Unspecified disorder of liver,Diseases of the digestive system,6912,19,1.45,0.1249409382,0.87,2.27
959.8 ,"Other specified sites, including...",Injury and poisoning,2183,6,1.45,0.319848142,0.53,3.16
634.00 ,"Spontaneous abortion, complicated...","Complications of pregnancy, childbirth,...",2894,8,1.45,0.2786834229,0.63,2.87
494 ,Bronchiectasis,Diseases of the respiratory system,2907,8,1.45,0.2802502857,0.62,2.86
217 ,Benign neoplasm of breast,Neoplasms,57391,156,1.45,0.0000172822,1.23,1.7
219.9 ,"Benign neoplasm of uterus, part...",Neoplasms,9109,25,1.45,0.0697884872,0.93,2.14
532.70 ,Chronic duodenal ulcer without...,Diseases of the digestive system,7655,21,1.45,0.1118677768,0.89,2.21
256.3 ,Other ovarian failure,"Endocrine, nutritional and metabolic...",2903,8,1.45,0.2797634575,0.62,2.86
536 ,Disorders of function of stomach,Diseases of the digestive system,23344,64,1.45,0.004996008,1.11,1.86
845.00 ,"Sprain of ankle, unspecified site",Injury and poisoning,14237,39,1.45,0.0260522227,1.03,1.98
560.9 ,Unspecified intestinal obstruction,Diseases of the digestive system,4723,13,1.45,0.1778853729,0.77,2.48
692.70 ,Unspecified dermatitis due to...,Diseases of the skin and subcutaneous...,6572,18,1.44,0.1180092635,0.85,2.29
910 ,"Superficial injury of face, neck,...",Injury and poisoning,2556,7,1.44,0.3541285764,0.58,2.98
110.4 ,Dermatophytosis of foot,Infectious and parasitic diseases,73647,198,1.44,0.0000023568955,1.24,1.66
491.1 ,Mucopurulent chronic bronchitis,Diseases of the respiratory system,3293,9,1.44,0.3096149242,0.66,2.74
493.00 ,"Extrinsic asthma, unspecified",Diseases of the respiratory system,4744,13,1.44,0.1794641113,0.77,2.47
780.52 ,"Insomnia, unspecified","Comorbidities, signs, and ill-defined...",50709,137,1.44,0.0000811793,1.2,1.71
493.91 ,"Asthma, unspecified type, with...",Diseases of the respiratory system,3665,10,1.44,0.2492582035,0.69,2.65
519 ,Other diseases of respiratory...,Diseases of the respiratory system,2196,6,1.44,0.3222730006,0.53,3.14
308.0 ,Predominant disturbance of emotions,Mental disorders,2581,7,1.43,0.3566503096,0.57,2.95
386.0 ,Meniere's disease,Diseases of the nervous system,2213,6,1.43,0.3255184345,0.52,3.11
478.1 ,Other diseases of nasal cavity...,Diseases of the respiratory system,42771,115,1.43,0.0003180926,1.18,1.72
524.6 ,Temporomandibular joint disorders,Diseases of the digestive system,2202,6,1.43,0.3234089176,0.53,3.13
528.5 ,Diseases of lips,Diseases of the digestive system,9206,25,1.43,0.0909902345,0.92,2.12
786.09 ,Other respiratory abnormalities,"Comorbidities, signs, and ill-defined...",9923,27,1.43,0.0642905178,0.94,2.09
388.3 ,Tinitus,Diseases of the nervous system,5568,15,1.42,0.1649570215,0.79,2.34
924.8 ,"Contusion of multiple sites, not...",Injury and poisoning,2969,8,1.42,0.2883179184,0.61,2.8
786.01 ,Hyperventilation,"Comorbidities, signs, and ill-defined...",7809,21,1.42,0.1164713114,0.88,2.17
535.4 ,Other specified gastritis,Diseases of the digestive system,9996,27,1.42,0.0823037906,0.94,2.08
830 ,Dislocation of jaw,Injury and poisoning,3711,10,1.42,0.2536844862,0.68,2.61
682.0 ,Cellulitis and abscess of face,Diseases of the skin and subcutaneous...,4072,11,1.42,0.2740216859,0.71,2.55
850.9 ,"Concussion, unspecified",Injury and poisoning,13725,37,1.42,0.0383410972,1,1.97
478.4 ,Polyp of vocal cord or larynx,Diseases of the respiratory system,6721,18,1.41,0.1575101931,0.83,2.23
648.80 ,Abnormal glucose tolerance of...,"Complications of pregnancy, childbirth,...",2243,6,1.41,0.3314443985,0.52,3.07
696.3 ,Pityriasis rosea,Diseases of the skin and subcutaneous...,12838,34,1.4,0.0659286318,0.97,1.96
894 ,Multiple and unspecified open...,Injury and poisoning,4875,13,1.4,0.2441805386,0.75,2.41
427 ,Cardiac dysrhythmias,Diseases of the circulatory system,4899,13,1.4,0.2454160918,0.74,2.39
995.3 ,"Allergy, unspecified, not elsewhere...",Injury and poisoning,23333,62,1.4,0.0100769799,1.07,1.81
724.5 ,"Backache, unspecified",Diseases of the musculoskeletal...,87984,229,1.4,0.0000032905564,1.21,1.6
783.2 ,Abnormal loss of weight,"Comorbidities, signs, and ill-defined...",3384,9,1.4,0.3166109759,0.64,2.66
274.0 ,"Gouty arthropathy, unspecified","Endocrine, nutritional and metabolic...",7140,19,1.4,0.1344150429,0.84,2.19
373.02 ,Squamous blepharitis,Diseases of the nervous system,1894,5,1.39,0.4192052381,0.45,3.25
720.1 ,Spinal enthesopathy,Diseases of the musculoskeletal...,1890,5,1.39,0.4184949512,0.45,3.26
784.0 ,Headache,"Comorbidities, signs, and ill-defined...",295966,733,1.39,0.00000000000003799187,1.27,1.5
610.1 ,Diffuse cystic mastopathy,Diseases of the genitourinary...,14492,38,1.38,0.0546366116,0.98,1.9
788.4 ,Frequency of urination and polyuria,"Comorbidities, signs, and ill-defined...",25273,66,1.38,0.0131554113,1.06,1.76
680.2 ,Carbuncle and furuncle of trunk,Diseases of the skin and subcutaneous...,1912,5,1.38,0.4224668944,0.45,3.22
681.11 ,Onychia and paronychia of toe,Diseases of the skin and subcutaneous...,12610,33,1.38,0.0797581647,0.95,1.94
708.1 ,Idiopathic urticaria,Diseases of the skin and subcutaneous...,12269,32,1.37,0.0765635147,0.94,1.95
617.9 ,"Endometriosis, site unspecified",Diseases of the genitourinary...,19606,51,1.37,0.0315290413,1.02,1.81
386.1 ,Other and unspecified peripheral...,Diseases of the nervous system,5412,14,1.36,0.2695968296,0.74,2.29
924.00 ,Contusion of thigh,Injury and poisoning,5430,14,1.36,0.2704333692,0.74,2.28
461.0 ,Acute maxillary sinusitis,Diseases of the respiratory system,25653,66,1.36,0.0169819223,1.05,1.74
493.90 ,"Asthma, unspecified type, unspecified",Diseases of the respiratory system,36997,95,1.36,0.0045157401,1.1,1.67
218 ,Uterine leiomyoma,Neoplasms,3106,8,1.36,0.4024430391,0.58,2.68
218.9 ,"Leiomyoma of uterus, unspecified",Neoplasms,23248,60,1.36,0.0226196369,1.04,1.76
784 ,Symptoms involving head and neck,"Comorbidities, signs, and ill-defined...",3479,9,1.36,0.3260414913,0.62,2.59
569.3 ,Hemorrhage of rectum and anus,Diseases of the digestive system,4644,12,1.36,0.3064521137,0.7,2.38
854.01 ,Intracranial injury of other and...,Injury and poisoning,7038,18,1.35,0.2143165282,0.8,2.13
873 ,Other open wound of head,Injury and poisoning,4279,11,1.35,0.2894577174,0.67,2.43
884 ,Multiple and unspecified open...,Injury and poisoning,3520,9,1.35,0.3307371029,0.61,2.56
698.8 ,Other specified pruritic conditions,Diseases of the skin and subcutaneous...,16788,43,1.35,0.0606754773,0.98,1.82
597 ,"Urethritis, not sexually transmitted,...",Diseases of the genitourinary...,2733,7,1.35,0.3759003937,0.54,2.78
716.98 ,"Arthropathy, unspecified, other...",Diseases of the musculoskeletal...,1949,5,1.35,0.4294935782,0.44,3.16
780.50 ,"Sleep disturbance, unspecified","Comorbidities, signs, and ill-defined...",16071,41,1.35,0.067973435,0.96,1.83
695.3 ,Rosacea,Diseases of the skin and subcutaneous...,9426,24,1.34,0.1534717165,0.86,2
454.9 ,Asymptomatic varicose veins,Diseases of the circulatory system,1963,5,1.34,0.4322597868,0.43,3.13
959.7 ,"Knee, leg, ankle, and foot injury",Injury and poisoning,5516,14,1.34,0.2751333899,0.73,2.25
724.3 ,Sciatica,Diseases of the musculoskeletal...,27625,70,1.34,0.0179507086,1.04,1.7
693.9 ,Dermatitis due to unspecified...,Diseases of the skin and subcutaneous...,21419,54,1.33,0.0401754335,1,1.74
590.1 ,Acute pyelonephritis,Diseases of the genitourinary...,4748,12,1.33,0.3130563952,0.69,2.33
380.23 ,Other chronic otitis externa,Diseases of the nervous system,3563,9,1.33,0.3360432515,0.61,2.53
919.4 ,"Insect bite, nonvenomous, of other,...",Injury and poisoning,47011,118,1.33,0.0031406299,1.1,1.6
923.9 ,Contusion of unspecified part...,Injury and poisoning,9138,23,1.33,0.183403114,0.84,1.99
724.2 ,Lumbago,Diseases of the musculoskeletal...,136079,335,1.33,0.0000022213119,1.18,1.49
079.9 ,Unspecified viral and chlamydial...,Infectious and parasitic diseases,7508,19,1.33,0.2290860715,0.8,2.09
482.9 ,"Bacterial pneumonia, unspecified",Diseases of the respiratory system,4356,11,1.33,0.2972738238,0.66,2.38
137.0 ,Late effects of respiratory or...,Infectious and parasitic diseases,2379,6,1.33,0.471720506,0.49,2.89
524.60 ,"Temporomandibular joint disorders,...",Diseases of the digestive system,4358,11,1.33,0.2974907536,0.66,2.38
789 ,Other symptoms involving abdomen...,"Comorbidities, signs, and ill-defined...",15450,39,1.33,0.0778552802,0.94,1.82
692.9 ,"Contact dermatitis and other eczema,...",Diseases of the skin and subcutaneous...,460660,1067,1.32,0.0000000000002587707,1.22,1.42
698 ,Pruritus and related conditions,Diseases of the skin and subcutaneous...,6003,15,1.32,0.2952428932,0.73,2.17
698.4 ,Dermatitis factitia [artefacta],Diseases of the skin and subcutaneous...,13179,33,1.32,0.1306979499,0.91,1.86
388.30 ,"Tinnitus, unspecified",Diseases of the nervous system,16793,42,1.32,0.0752174232,0.95,1.79
054.9 ,Herpes simplex without mention...,Infectious and parasitic diseases,39367,98,1.32,0.0099176651,1.07,1.61
637 ,Unspecified abortion,"Complications of pregnancy, childbirth,...",7198,18,1.32,0.2226579338,0.78,2.09
729.2 ,"Neuralgia, neuritis, and radiculitis,...",Diseases of the musculoskeletal...,33305,83,1.32,0.0157215682,1.05,1.64
487 ,Influenza,Diseases of the respiratory system,22030,55,1.32,0.051111795,0.99,1.72
780.4 ,Dizziness and giddiness,"Comorbidities, signs, and ill-defined...",193042,467,1.32,0.00000010532553,1.19,1.45
780.8 ,Generalized hyperhidrosis,"Comorbidities, signs, and ill-defined...",8355,21,1.32,0.205787712,0.82,2.03
848.9 ,Unspecified site of sprain and...,Injury and poisoning,65057,161,1.32,0.0011157234,1.12,1.54
684 ,Impetigo,Diseases of the skin and subcutaneous...,4786,12,1.32,0.3159468429,0.68,2.31
854.00 ,Intracranial injury of other and...,Injury and poisoning,14071,35,1.31,0.11893854,0.91,1.83
692 ,Contact dermatitis and other eczema,Diseases of the skin and subcutaneous...,41295,102,1.31,0.0100060741,1.06,1.59
592 ,Calculus of kidney and ureter,Diseases of the genitourinary...,3213,8,1.31,0.4125264278,0.56,2.59
931 ,Foreign body in ear,Injury and poisoning,6452,16,1.31,0.2533654305,0.74,2.12
933.1 ,Foreign body in larynx,Injury and poisoning,8868,22,1.31,0.21938075,0.82,1.98
466 ,Acute bvronchitis and bronchiolitis,Diseases of the respiratory system,42773,106,1.31,0.0081741466,1.07,1.59
491.8 ,Other chronic bronchitis,Diseases of the respiratory system,2808,7,1.31,0.3876167309,0.53,2.71
785.6 ,Enlargement of lymph nodes,"Comorbidities, signs, and ill-defined...",9244,23,1.31,0.1874135263,0.83,1.97
786.50 ,"Chest pain, unspecified","Comorbidities, signs, and ill-defined...",41375,102,1.31,0.010113813,1.06,1.59
692.3 ,Contact dermatitis and other eczema...,Diseases of the skin and subcutaneous...,13387,33,1.3,0.1347090698,0.89,1.83
599.7 ,Hematuria,Diseases of the genitourinary...,22652,56,1.3,0.0545325539,0.98,1.7
924.9 ,Contusion of unspecified site,Injury and poisoning,25193,62,1.3,0.0487447547,0.99,1.67
455.6 ,Unspecified hemorrhoids without...,Diseases of the circulatory system,40718,100,1.3,0.0131959357,1.05,1.59
622.7 ,Mucous polyp of cervix,Diseases of the genitourinary...,4856,12,1.3,0.3219088748,0.67,2.28
041.9 ,"Bacterial infection, unspecified,...",Infectious and parasitic diseases,16678,41,1.3,0.1070302083,0.93,1.76
533.30 ,Acute peptic ulcer of unspecified...,Diseases of the digestive system,6889,17,1.3,0.2661330025,0.76,2.08
560.39 ,Other impaction of intestine,Diseases of the digestive system,4043,10,1.3,0.3639617803,0.62,2.4
705.1 ,Prickly heat,Diseases of the skin and subcutaneous...,6539,16,1.29,0.3162595818,0.73,2.1
922 ,Contusion of trunk,Injury and poisoning,4879,12,1.29,0.3240425733,0.67,2.27
923.00 ,Contusion of shoulder region,Injury and poisoning,9012,22,1.29,0.2251103217,0.8,1.95
722.73 ,Intervertebral disc disorder with...,Diseases of the musculoskeletal...,2858,7,1.29,0.512484472,0.52,2.66
625.3 ,Dysmenorrhea,Diseases of the genitourinary...,114657,276,1.29,0.0000987938,1.14,1.46
464.4 ,Croup,Diseases of the respiratory system,3670,9,1.29,0.442513321,0.59,2.45
216.5 ,"Benign neoplasm of skin of trunk,...",Neoplasms,2854,7,1.29,0.5121822191,0.52,2.66
533.50 ,Chronic or unspecified peptic...,Diseases of the digestive system,2041,5,1.29,0.4486494527,0.42,3.01
879.8 ,Open wound(s) (multiple) of unspecified...,Injury and poisoning,18504,45,1.28,0.1061825854,0.93,1.72
709.0 ,Dyschromia,Diseases of the skin and subcutaneous...,26903,65,1.28,0.0566539376,0.98,1.63
386.9 ,Unspecified vertiginous syndromes...,Diseases of the nervous system,14389,35,1.28,0.1485345978,0.89,1.79
427.0 ,Paroxysmal supraventricular tachycardia,Diseases of the circulatory system,2870,7,1.28,0.5134150094,0.51,2.65
110.9 ,Dermatophytosis of unspecified...,Infectious and parasitic diseases,36229,88,1.28,0.0240293965,1.03,1.59
528 ,"Disease of the oral soft tissues,...",Diseases of the digestive system,2062,5,1.28,0.6053229913,0.41,2.98
530.8 ,Other specified disorders of esophagus,Diseases of the digestive system,2048,5,1.28,0.4501950693,0.42,3
692.5 ,Contact dermatitis and other eczema...,Diseases of the skin and subcutaneous...,5395,13,1.27,0.3476120611,0.67,2.17
382.9 ,Unspecified otitis media,Diseases of the nervous system,40249,97,1.27,0.0206296666,1.03,1.56
922.8 ,Contusion of multiple sites of...,Injury and poisoning,4977,12,1.27,0.411134607,0.65,2.22
461 ,Acute sinusitis,Diseases of the respiratory system,37492,90,1.27,0.0307808831,1.02,1.57
461.9 ,"Acute sinusitis, unspecified",Diseases of the respiratory system,552337,1233,1.27,0.00000000002712448,1.19,1.37
626.7 ,Postcoital bleeding,Diseases of the genitourinary...,3313,8,1.27,0.4243333715,0.55,2.51
110.5 ,Dermatophytosis of the body,Infectious and parasitic diseases,16221,39,1.27,0.1465654132,0.9,1.74
737.43 ,Scoliosis associated with other...,Diseases of the musculoskeletal...,2067,5,1.27,0.605739191,0.41,2.98
786.9 ,Other symptoms involving respiratory...,"Comorbidities, signs, and ill-defined...",2909,7,1.27,0.5166803035,0.51,2.61
682 ,Other cellulitis and abscess,Diseases of the skin and subcutaneous...,5783,14,1.27,0.3609435844,0.7,2.14
373.2 ,Chalazion,Diseases of the nervous system,28550,68,1.26,0.0643853204,0.97,1.6
382.00 ,Acute suppurative otitis media...,Diseases of the nervous system,7103,17,1.26,0.3368368353,0.73,2.02
476.0 ,Chronic laryngitis,Diseases of the respiratory system,2933,7,1.26,0.5188674465,0.5,2.59
535.50 ,"Unspecified gastritis and gastroduodenitis,...",Diseases of the digestive system,175562,409,1.26,0.0000283765,1.13,1.39
560.1 ,Paralytic ileus,Diseases of the digestive system,4160,10,1.26,0.4712399882,0.61,2.33
692.0 ,Contact dermatitis and other eczema...,Diseases of the skin and subcutaneous...,61042,144,1.25,0.0106283371,1.05,1.48
574.20 ,Calculus of gallbladder without...,Diseases of the digestive system,6709,16,1.25,0.3259153484,0.72,2.04
373.12 ,Hordeolum internum,Diseases of the nervous system,102613,241,1.25,0.0010176337,1.09,1.43
705.81 ,Dyshidrosis,Diseases of the skin and subcutaneous...,62671,148,1.25,0.0089256453,1.05,1.48
726.10 ,Disorders of bursae and tendons...,Diseases of the musculoskeletal...,4201,10,1.25,0.4736178127,0.6,2.31
727.05 ,Other tenosynovitis of hand and...,Diseases of the musculoskeletal...,5451,13,1.25,0.432483169,0.67,2.15
078.1 ,Viral warts,Infectious and parasitic diseases,69408,163,1.25,0.0076255411,1.06,1.46
117.9 ,Other and unspecified mycoses,Infectious and parasitic diseases,9673,23,1.25,0.2900710317,0.79,1.88
491.0 ,Simple chronic bronchitis,Diseases of the respiratory system,5882,14,1.25,0.3670085434,0.68,2.11
535 ,Gastritis and duodenitis,Diseases of the digestive system,39210,93,1.25,0.0347597709,1.01,1.54
686 ,Other local infections of skin...,Diseases of the skin and subcutaneous...,13906,33,1.25,0.2029329586,0.86,1.76
893.0 ,"Open wound of toe(s), without...",Injury and poisoning,6765,16,1.24,0.3983950455,0.71,2.03
897.0 ,Traumatic amputation of leg(s)...,Injury and poisoning,2544,6,1.24,0.4944532775,0.45,2.71
380.10 ,"Infective otitis externa, unspecified",Diseases of the nervous system,93723,219,1.24,0.0023324522,1.08,1.43
923.11 ,Contusion of elbow,Injury and poisoning,6363,15,1.24,0.3847955836,0.69,2.05
723.1 ,Cervicalgia,Diseases of the musculoskeletal...,16569,39,1.24,0.1785862997,0.88,1.7
648.9 ,Other current conditions classifiable...,"Complications of pregnancy, childbirth,...",2117,5,1.24,0.6102798239,0.4,2.91
540.9 ,Acute appendicitis without mention...,Diseases of the digestive system,10183,24,1.24,0.3024797141,0.79,1.85
686.9 ,Unspecified local infection of...,Diseases of the skin and subcutaneous...,116854,271,1.24,0.0010867811,1.09,1.4
571.41 ,Chronic persistent hepatitis,Diseases of the digestive system,4280,10,1.23,0.4790524248,0.59,2.26
574 ,Cholelithiasis,Diseases of the digestive system,2132,5,1.23,0.6117709609,0.4,2.88
923.03 ,Contusion of upper arm,Injury and poisoning,2132,5,1.23,0.6117709609,0.4,2.88
924 ,Contusion of lower limb and of...,Injury and poisoning,7279,17,1.23,0.4157938615,0.71,1.97
933.0 ,Foreign body in pharynx,Injury and poisoning,11601,27,1.23,0.2839607493,0.81,1.79
625.9 ,Unspecified symptom associated...,Diseases of the genitourinary...,13252,31,1.23,0.230182136,0.84,1.75
727.04 ,Radial styloid tenosynovitis,Diseases of the musculoskeletal...,4261,10,1.23,0.4776456582,0.59,2.27
590.9 ,"Infection of kidney, unspecified",Diseases of the genitourinary...,5604,13,1.22,0.4404358662,0.65,2.09
923 ,Contusion of upper limb,Injury and poisoning,4301,10,1.22,0.4806786133,0.59,2.25
621.4 ,Hematometra,Diseases of the genitourinary...,3007,7,1.22,0.5264149681,0.49,2.53
626.5 ,Ovulation bleeding,Diseases of the genitourinary...,6051,14,1.22,0.4568328908,0.66,2.05
477.8 ,Allergic rhinitis due to other...,Diseases of the respiratory system,12084,28,1.22,0.2933646869,0.81,1.77
240 ,Simple and unspecified goiter,"Endocrine, nutritional and metabolic...",2157,5,1.22,0.6143814895,0.4,2.85
533.70 ,Chronic peptic ulcer of unspecified...,Diseases of the digestive system,11646,27,1.22,0.2854895568,0.8,1.78
789.9 ,Other symptoms involving abdomen...,"Comorbidities, signs, and ill-defined...",9503,22,1.22,0.3434347242,0.76,1.85
540 ,Acute appendicitis,Diseases of the digestive system,3005,7,1.22,0.5261956991,0.49,2.53
555.2 ,Regional enteritis of small intestine...,Diseases of the digestive system,6057,14,1.22,0.4571094884,0.66,2.04
558.9 ,Other and unspecified noninfectious...,Diseases of the digestive system,545251,1187,1.22,0.000000040533927,1.14,1.31
295.90 ,"Unspecified schizophrenia, unspecified",Mental disorders,2579,6,1.22,0.5001035362,0.45,2.67
850.0 ,Concussion with no loss of consciousness,Injury and poisoning,13374,31,1.22,0.2717754299,0.83,1.74
306.1 ,Respiratory malfunction arising...,Mental disorders,2172,5,1.21,0.616020454,0.39,2.83
924.10 ,Contusion of lower leg,Injury and poisoning,8730,20,1.21,0.3871279693,0.73,1.87
216.6 ,Benign neoplasm of skin of upper...,Neoplasms,3469,8,1.21,0.554066383,0.52,2.39
686.0 ,Pyoderma,Diseases of the skin and subcutaneous...,20035,46,1.21,0.1920311747,0.88,1.62
373.13 ,Abscess of eyelid,Diseases of the nervous system,16709,38,1.2,0.2831507925,0.85,1.65
702.1 ,Seborrheic keratosis,Diseases of the skin and subcutaneous...,3055,7,1.2,0.5319177104,0.48,2.49
706.0 ,Acne varioliformis,Diseases of the skin and subcutaneous...,71206,161,1.2,0.0281315919,1.02,1.4
722.2 ,Displacement of intervertebral...,Diseases of the musculoskeletal...,9624,22,1.2,0.3486613558,0.75,1.83
461.8 ,Other acute sinusitis,Diseases of the respiratory system,32652,74,1.2,0.1398493526,0.94,1.51
034.0 ,Streptococcal sore throat,Infectious and parasitic diseases,6122,14,1.2,0.4604065711,0.66,2.02
472.2 ,Chronic nasopharyngitis,Diseases of the respiratory system,34653,79,1.2,0.1054501827,0.95,1.5
780.2 ,Syncope and collapse,"Comorbidities, signs, and ill-defined...",11843,27,1.2,0.33954228,0.79,1.75
648.0 ,Diabetes mellitus in the mother...,"Complications of pregnancy, childbirth,...",7920,18,1.2,0.4359673311,0.71,1.89
847.0 ,Sprain of neck,Injury and poisoning,19387,44,1.2,0.2449687028,0.87,1.61
599.0 ,"Urinary tract infection, site...",Diseases of the genitourinary...,214263,475,1.19,0.0004840969,1.08,1.31
388.70 ,"Otalgia, unspecified",Diseases of the nervous system,3528,8,1.19,0.5588806914,0.51,2.35
478.5 ,Other diseases of vocal cords,Diseases of the respiratory system,57485,129,1.19,0.0642574365,0.99,1.42
530.2 ,Ulcer of esophagus,Diseases of the digestive system,3104,7,1.19,0.5379878433,0.48,2.45
786.3 ,Hemoptysis,"Comorbidities, signs, and ill-defined...",3976,9,1.19,0.5807635762,0.54,2.26
531.90 ,"Gastric ulcer, unspecified as...",Diseases of the digestive system,15515,35,1.19,0.3076938261,0.83,1.66
532.90 ,"Duodenal ulcer, unspecified as...",Diseases of the digestive system,11470,26,1.19,0.3340799081,0.78,1.75
709.9 ,Unspecified disorder of skin and...,Diseases of the skin and subcutaneous...,116444,259,1.18,0.0110719634,1.04,1.34
922.9 ,Contusion of unspecified part...,Injury and poisoning,10286,23,1.18,0.4254225347,0.74,1.77
473 ,Chronic sinusitis,Diseases of the respiratory system,3108,7,1.18,0.5385025097,0.48,2.45
535.01 ,"Acute gastritis, with hemorrhage",Diseases of the digestive system,4002,9,1.18,0.5823604282,0.54,2.25
535.40 ,"Other specified gastritis, without...",Diseases of the digestive system,31323,70,1.18,0.169598026,0.92,1.49
845.19 ,Other sprain of foot,Injury and poisoning,2683,6,1.18,0.6526601239,0.43,2.57
692.1 ,Contact dermatitis and other eczema...,Diseases of the skin and subcutaneous...,5399,12,1.17,0.5305020593,0.6,2.05
702.8 ,Other specified dermatoses,Diseases of the skin and subcutaneous...,7168,16,1.17,0.4952051771,0.67,1.91
380.15 ,Chronic mycotic otitis externa,Diseases of the nervous system,7624,17,1.17,0.5078582085,0.68,1.88
924.01 ,Contusion of hip,Injury and poisoning,6289,14,1.17,0.5593105675,0.64,1.97
924.2 ,"Contusion of ankle and foot, excluding...",Injury and poisoning,2250,5,1.17,0.6253564404,0.38,2.73
462 ,Acute pharyngitis,Diseases of the respiratory system,534798,1131,1.17,0.0000263544,1.09,1.25
465.0 ,Acute laryngopharyngitis,Diseases of the respiratory system,449464,957,1.17,0.0000748912,1.08,1.26
519.9 ,Unspecified disease of respiratory...,Diseases of the respiratory system,6761,15,1.17,0.4850873024,0.65,1.93
531.70 ,Chronic gastric ulcer without...,Diseases of the digestive system,4963,11,1.17,0.6215493697,0.58,2.09
787.0 ,Nausea and vomiting,"Comorbidities, signs, and ill-defined...",83804,185,1.17,0.0422292471,1,1.36
825.25 ,Closed fracture of metatarsal...,Injury and poisoning,2249,5,1.17,0.6252286454,0.38,2.73
353.4 ,"Lumbosacral root lesions, not...",Diseases of the nervous system,2271,5,1.16,0.6280853745,0.38,2.71
910.0 ,"Abrasion or friction burn of face,...",Injury and poisoning,8145,18,1.16,0.5218338687,0.69,1.84
709.8 ,Other specified disorders of skin,Diseases of the skin and subcutaneous...,20837,46,1.16,0.2982804883,0.85,1.55
616.1 ,Vaginitis and vulvovaginitis,Diseases of the genitourinary...,96717,212,1.16,0.0368548974,1.01,1.34
621.5 ,Intrauterine synechiae,Diseases of the genitourinary...,2726,6,1.16,0.6561916799,0.42,2.52
009.0 ,"Infectious colitis, enteritis,...",Infectious and parasitic diseases,85675,188,1.16,0.0488701994,1,1.35
628 ,"Infertility, female",Diseases of the genitourinary...,7702,17,1.16,0.5107167322,0.68,1.86
215.0 ,Other benign neoplasm of connective...,Neoplasms,4064,9,1.16,0.5865910158,0.53,2.22
881.0 ,"Open wound of elbow, forearm,...",Injury and poisoning,2280,5,1.15,0.6292807457,0.37,2.7
922.3 ,Contusion of back,Injury and poisoning,19285,42,1.15,0.3605241944,0.82,1.55
455.0 ,Internal hemorrhoids without mention...,Diseases of the circulatory system,7328,16,1.15,0.5888736955,0.66,1.87
463 ,Acute tonsillitis,Diseases of the respiratory system,713881,1476,1.15,0.0000432777,1.08,1.24
009.1 ,"Colitis, enteritis, and gastroenteritis...",Infectious and parasitic diseases,32499,71,1.15,0.246956239,0.9,1.46
648.83 ,Abnormal glucose tolerance of...,"Complications of pregnancy, childbirth,...",8704,19,1.15,0.5357578288,0.69,1.8
882.0 ,Open wound of hand except finger(s)...,Injury and poisoning,17470,38,1.14,0.3828609747,0.81,1.58
595 ,Cystitis,Diseases of the genitourinary...,20279,44,1.14,0.372034858,0.83,1.54
698.2 ,Prurigo,Diseases of the skin and subcutaneous...,84172,182,1.14,0.0813390619,0.98,1.33
915.0 ,"Abrasion or friction burn of finger(s),...",Injury and poisoning,2758,6,1.14,0.6590324226,0.42,2.49
919.0 ,"Abrasion or friction burn of other,...",Injury and poisoning,23043,50,1.14,0.3603540768,0.85,1.51
708.0 ,Allergic urticaria,Diseases of the skin and subcutaneous...,64995,140,1.14,0.1420572006,0.95,1.35
455.3 ,External hemorrhoids without mention...,Diseases of the circulatory system,4164,9,1.14,0.5945904608,0.52,2.16
621.3 ,Endometrial cystic hyperplasia,Diseases of the genitourinary...,5548,12,1.14,0.6409819081,0.59,1.99
464.0 ,Acute laryngitis,Diseases of the respiratory system,300561,636,1.14,0.0038159555,1.04,1.24
528.0 ,Stomatitis,Diseases of the digestive system,23529,51,1.14,0.3278321898,0.85,1.5
535.00 ,"Acute gastritis, without mention...",Diseases of the digestive system,214336,458,1.14,0.0088934695,1.03,1.26
256.8 ,Other ovarian dysfunction,"Endocrine, nutritional and metabolic...",6456,14,1.14,0.5663696134,0.62,1.92
680.9 ,Carbuncle and furuncle of unspecified...,Diseases of the skin and subcutaneous...,42894,93,1.14,0.1971521363,0.92,1.41
564.9 ,Unspecified functional disorder...,Diseases of the digestive system,166184,357,1.14,0.0180103412,1.02,1.28
704.01 ,Alopecia areata,Diseases of the skin and subcutaneous...,5098,11,1.13,0.6273047795,0.57,2.03
611.72 ,Lump or mass in breast,Diseases of the genitourinary...,32545,70,1.13,0.3038239747,0.88,1.44
709 ,Other disorders of skin and subcutaneous...,Diseases of the skin and subcutaneous...,5579,12,1.13,0.6421521688,0.58,1.98
949.0 ,"Burn of unspecified site, unspecified...",Injury and poisoning,11644,25,1.13,0.5210864509,0.73,1.67
009.3 ,Diarrhea of presumed infectious...,Infectious and parasitic diseases,16722,36,1.13,0.4225806451,0.79,1.57
052.9 ,Varicella without mention of complication,Infectious and parasitic diseases,15827,34,1.13,0.4627623375,0.78,1.58
486 ,"Pneumonia, organism unspecified",Diseases of the respiratory system,22399,48,1.13,0.3955442583,0.83,1.5
787.9 ,Other symptoms involving digestive...,"Comorbidities, signs, and ill-defined...",10734,23,1.13,0.5770940885,0.71,1.69
353.2 ,"Cervical root lesions, not elsewhere...",Diseases of the nervous system,3760,8,1.12,0.7052727308,0.48,2.21
890.0 ,"Open wound of hip and thigh, without...",Injury and poisoning,4711,10,1.12,0.735471251,0.53,2.06
704.9 ,Unspecified disease of hair and...,Diseases of the skin and subcutaneous...,2814,6,1.12,0.6644098637,0.41,2.44
924.20 ,Contusion of foot,Injury and poisoning,9887,21,1.12,0.5626588899,0.69,1.71
465.9 ,Acute upper respiratory infections...,Diseases of the respiratory system,1408969,2744,1.12,0.0081377506,1.03,1.23
628.0 ,"Infertility, female, associated...",Diseases of the genitourinary...,32353,69,1.12,0.3338254245,0.87,1.43
070.3 ,Viral hepatitis B without mention...,Infectious and parasitic diseases,4230,9,1.12,0.721238047,0.51,2.13
474.0 ,Chronic tonsillitis,Diseases of the respiratory system,9381,20,1.12,0.5526974583,0.68,1.74
475 ,Peritonsillar abscess,Diseases of the respiratory system,18718,40,1.12,0.4472841145,0.8,1.54
829.0 ,"Fracture of unspecified bone,...",Injury and poisoning,2806,6,1.12,0.6636114505,0.41,2.45
281.9 ,Unspecified deficiency anemia,Diseases of the blood and blood-forming...,4681,10,1.12,0.6151606908,0.54,2.07
372.02 ,Acute follicular conjunctivitis,Diseases of the nervous system,10378,22,1.11,0.5715548334,0.7,1.69
692.89 ,Contact dermatitis and other eczema...,Diseases of the skin and subcutaneous...,42734,90,1.11,0.3390859678,0.89,1.37
891.0 ,"Open wound of knee, leg [except...",Injury and poisoning,34225,72,1.11,0.3803552032,0.86,1.4
719.40 ,"Pain in joint, site unspecified",Diseases of the musculoskeletal...,20780,44,1.11,0.4703990371,0.81,1.5
626.1 ,Scanty or infrequent menstruation,Diseases of the genitourinary...,29536,62,1.11,0.4190005405,0.85,1.42
466.0 ,Acute bronchitis,Diseases of the respiratory system,621707,1264,1.11,0.0038978786,1.03,1.19
640.80 ,Other specified hemorrhage in...,"Complications of pregnancy, childbirth,...",2843,6,1.11,0.6673842731,0.41,2.42
787.3 ,"Flatulence, eructation, and gas...","Comorbidities, signs, and ill-defined...",52612,111,1.11,0.2639029642,0.91,1.34
555.0 ,Regional enteritis of small intestine,Diseases of the digestive system,4258,9,1.11,0.7222993848,0.51,2.11
555.9 ,Regional enteritis of unspecified...,Diseases of the digestive system,16620,35,1.11,0.5305973373,0.77,1.54
564.0 ,Constipation,Diseases of the digestive system,153791,321,1.11,0.0864615133,0.98,1.24
848 ,Other and ill-defined sprains...,Injury and poisoning,1894,4,1.11,0.787470503,0.3,2.85
698.1 ,Pruritus of genital organs,Diseases of the skin and subcutaneous...,63875,133,1.1,0.287487399,0.92,1.31
597.89 ,Other urethritis,Diseases of the genitourinary...,4796,10,1.1,0.7380548247,0.52,2.02
923.21 ,Contusion of wrist,Injury and poisoning,3829,8,1.1,0.7090928873,0.47,2.17
924.4 ,Contusion of multiple sites of...,Injury and poisoning,5266,11,1.1,0.7495232121,0.55,1.97
621.8 ,"Other specified disorders of uterus,...",Diseases of the genitourinary...,3336,7,1.1,0.6902130562,0.44,2.28
460 ,Acute nasopharyngitis [common...,Diseases of the respiratory system,722846,1457,1.1,0.0045605617,1.03,1.18
464.10 ,Acute tracheitis without mention...,Diseases of the respiratory system,184349,382,1.1,0.0801595244,0.99,1.22
009 ,Ill-defined intestinal infections,Infectious and parasitic diseases,6226,13,1.1,0.661876035,0.58,1.88
726.32 ,Lateral epicondylitis,Diseases of the musculoskeletal...,5240,11,1.1,0.7489012441,0.55,1.98
471.0 ,Polyp of nasal cavity,Diseases of the respiratory system,1919,4,1.1,0.7892220523,0.3,2.81
780.9 ,Other general symptoms,"Comorbidities, signs, and ill-defined...",18708,39,1.1,0.554275782,0.78,1.5
682.6 ,"Cellulitis and abscess of leg,...",Diseases of the skin and subcutaneous...,5235,11,1.1,0.7487880294,0.55,1.98
686.8 ,Other specified local infections...,Diseases of the skin and subcutaneous...,49391,103,1.1,0.3456672664,0.89,1.34
881.00 ,"Open wound of forearm, without...",Injury and poisoning,9197,19,1.09,0.7177263707,0.65,1.7
698.9 ,Unspecified pruritic disorder,Diseases of the skin and subcutaneous...,57291,119,1.09,0.3296002598,0.9,1.32
611.7 ,Signs and symptoms in breast,Diseases of the genitourinary...,2904,6,1.09,0.8287727676,0.4,2.37
922.2 ,Contusion of abdominal wall,Injury and poisoning,4833,10,1.09,0.7393850292,0.52,2
389.10 ,"Sensorineural hearing loss, unspecified",Diseases of the nervous system,2408,5,1.09,0.8118182174,0.35,2.55
633.1 ,Tubal pregnancy,"Complications of pregnancy, childbirth,...",5312,11,1.09,0.750757868,0.54,1.95
737.9 ,Unspecified curvature of spine,Diseases of the musculoskeletal...,1923,4,1.09,0.7895110001,0.3,2.81
220 ,Benign neoplasm of ovary,Neoplasms,80523,167,1.09,0.263681193,0.93,1.28
847.1 ,Sprain of thoracic,Injury and poisoning,2413,5,1.09,0.8120485731,0.35,2.55
465 ,Acute upper respiratory infections...,Diseases of the respiratory system,139103,284,1.08,0.223325261,0.95,1.22
646.83 ,Other specified complications...,"Complications of pregnancy, childbirth,...",5329,11,1.08,0.7512566575,0.54,1.95
280 ,Iron deficiency anemias,Diseases of the blood and blood-forming...,4885,10,1.08,0.7414551413,0.52,1.98
842.09 ,Other sprains and strains of wrist,Injury and poisoning,4372,9,1.08,0.7274550008,0.49,2.06
564.5 ,Functional diarrhea,Diseases of the digestive system,37384,77,1.08,0.4714706869,0.85,1.36
914.0 ,Abrasion or friction burn of hand(s)...,Injury and poisoning,6369,13,1.07,0.7719941235,0.57,1.84
924.5 ,Contusion of unspecified part...,Injury and poisoning,10272,21,1.07,0.7323903027,0.66,1.65
625.2 ,Mittelschmerz,Diseases of the genitourinary...,4893,10,1.07,0.7417938272,0.51,1.98
229.8 ,Benign neoplasm of other specified...,Neoplasms,6903,14,1.07,0.780865704,0.58,1.79
786.2 ,Cough,"Comorbidities, signs, and ill-defined...",113278,229,1.07,0.3415117503,0.93,1.22
847.9 ,Sprain of unspecified site of...,Injury and poisoning,7351,15,1.07,0.7873571525,0.6,1.77
380.13 ,Other acute infections of external...,Diseases of the nervous system,2480,5,1.06,0.8154101006,0.34,2.48
624.9 ,Unspecified noninflammatory disorder...,Diseases of the genitourinary...,2988,6,1.06,0.8317234723,0.39,2.3
111.0 ,Pityriasis versicolor,Infectious and parasitic diseases,27166,55,1.06,0.6231284338,0.8,1.39
487.1 ,Influenza with other respiratory...,Diseases of the respiratory system,274181,548,1.06,0.2154420188,0.97,1.16
647.83 ,Other specified infectious and...,"Complications of pregnancy, childbirth,...",4937,10,1.06,0.7437497915,0.51,1.96
786.51 ,Precordial pain,"Comorbidities, signs, and ill-defined...",4472,9,1.06,0.8623090078,0.48,2.01
536.8 ,Dyspepsia and other specified...,Diseases of the digestive system,123064,247,1.06,0.378215066,0.93,1.21
381.00 ,"Acute nonsuppurative otitis media,...",Diseases of the nervous system,5526,11,1.05,0.8762121229,0.52,1.88
719.41 ,"Pain in joint, shoulder region",Diseases of the musculoskeletal...,4022,8,1.05,0.8549759325,0.45,2.06
622.0 ,Erosion and ectropion of cervix,Diseases of the genitourinary...,85130,170,1.05,0.5189609107,0.9,1.23
958.3 ,Posttraumatic wound infection...,Injury and poisoning,12966,26,1.05,0.7610472229,0.69,1.55
722.91 ,"Other and unspecified disc disorder,...",Diseases of the musculoskeletal...,2007,4,1.05,0.7960855325,0.28,2.69
626.6 ,Metrorrhagia,Diseases of the genitourinary...,104804,209,1.05,0.4875228664,0.91,1.21
683 ,Acute lymphadenitis,Diseases of the skin and subcutaneous...,8022,16,1.05,0.7968233172,0.6,1.71
691 ,Atopic dermatitis and related...,Diseases of the skin and subcutaneous...,2534,5,1.04,0.8184642912,0.34,2.43
611.71 ,Mastodynia,Diseases of the genitourinary...,25822,51,1.04,0.7733254375,0.77,1.37
708.9 ,"Urticaria, unspecified",Diseases of the skin and subcutaneous...,178348,353,1.04,0.4393372784,0.93,1.17
920 ,"Contusion of face, scalp, and...",Injury and poisoning,31239,62,1.04,0.6946295315,0.8,1.34
386.11 ,Benign paroxysmal positional vertigo,Diseases of the nervous system,4526,9,1.04,0.8632413523,0.48,1.99
466.1 ,Acute bronchiolitis,Diseases of the respiratory system,99542,196,1.04,0.6265012945,0.89,1.2
070.9 ,Unspecified viral hepatitis without...,Infectious and parasitic diseases,6575,13,1.04,0.8865519096,0.55,1.78
133.0 ,Scabies,Infectious and parasitic diseases,9099,18,1.04,0.8091541911,0.62,1.65
780 ,General symptoms,"Comorbidities, signs, and ill-defined...",4553,9,1.04,0.863763832,0.47,1.98
537.9 ,Unspecified disorder of stomach...,Diseases of the digestive system,4049,8,1.04,0.8556383658,0.45,2.05
692.2 ,Contact dermatitis and other eczema...,Diseases of the skin and subcutaneous...,2041,4,1.03,0.7989943795,0.28,2.64
883.0 ,"Open wound of finger(s), without...",Injury and poisoning,28109,55,1.03,0.8358420797,0.77,1.34
884.0 ,Multiple and unspecified open...,Injury and poisoning,36118,71,1.03,0.7602955779,0.81,1.31
614.5 ,"Acute or unspecified pelvic peritonitis,...",Diseases of the genitourinary...,28077,55,1.03,0.7826471887,0.77,1.34
727.06 ,Tenosynovitis of foot and ankle,Diseases of the musculoskeletal...,2561,5,1.03,0.8200962239,0.33,2.4
241.0 ,Nontoxic uninodular goiter,"Endocrine, nutritional and metabolic...",2038,4,1.03,0.7987325552,0.28,2.65
656.53 ,"Poor fetal growth, affecting management...","Complications of pregnancy, childbirth,...",7617,15,1.03,0.8946120064,0.58,1.71
614.7 ,"Other chronic pelvic peritonitis,...",Diseases of the genitourinary...,4642,9,1.02,0.865738477,0.47,1.94
616 ,"Inflammatory disease of cervix,...",Diseases of the genitourinary...,54276,105,1.02,0.8414298337,0.83,1.24
620.2 ,Other and unspecified ovarian...,Diseases of the genitourinary...,48302,94,1.02,0.7914030275,0.82,1.26
995.2 ,Unspecified adverse effect od...,Injury and poisoning,3099,6,1.02,0.8365363,0.37,2.22
917.0 ,Abrasion or friction burn of foot...,Injury and poisoning,7259,14,1.01,0.8924419532,0.55,1.7
727.03 ,Trigger finger (acquired),Diseases of the musculoskeletal...,2590,5,1.01,0.8219211311,0.33,2.37
632 ,Missed abortion,"Complications of pregnancy, childbirth,...",21410,41,1.01,0.937062396,0.72,1.37
464.11 ,Acute tracheitis with obstruction,Diseases of the respiratory system,12608,24,1,1,0.64,1.49
780.6 ,Fever,"Comorbidities, signs, and ill-defined...",125123,239,1,0.9463589051,0.88,1.15
692.79 ,Other dermatitis due to solar...,Diseases of the skin and subcutaneous...,11185,21,0.99,1,0.61,1.51
595.9 ,"Cystitis, unspecified",Diseases of the genitourinary...,64199,121,0.99,0.9632087555,0.82,1.19
611.0 ,Inflammatory disease of breast,Diseases of the genitourinary...,24855,47,0.99,1,0.73,1.32
464.21 ,Acute laryngotracheitis with obstruction,Diseases of the respiratory system,6356,12,0.99,1,0.51,1.74
464.30 ,Acute epiglottitis without mention...,Diseases of the respiratory system,5864,11,0.99,1,0.49,1.77
640.0 ,Threatened abortion,"Complications of pregnancy, childbirth,...",40354,76,0.99,1,0.78,1.24
640.9 ,Unspecified hemorrhage in early...,"Complications of pregnancy, childbirth,...",11653,22,0.99,1,0.62,1.5
646 ,"Papyraceous fetus, unspecified...","Complications of pregnancy, childbirth,...",3174,6,0.99,1,0.36,2.17
541 ,"Appendicitis, unqualified",Diseases of the digestive system,2126,4,0.99,1,0.27,2.54
558.1 ,Gastroenteritis and colitis due...,Diseases of the digestive system,2653,5,0.99,1,0.32,2.32
873.4 ,"Facial laceration, without mention...",Injury and poisoning,8551,16,0.98,1,0.56,1.6
892.0 ,Open wound of foot except toe(s)...,Injury and poisoning,16015,30,0.98,1,0.66,1.41
616.3 ,Abscess of Bartholin's gland,Diseases of the genitourinary...,3217,6,0.98,1,0.36,2.14
620.1 ,Corpus luteum cyst or hematoma,Diseases of the genitourinary...,5361,10,0.98,1,0.47,1.81
791.0 ,Proteinuria,"Comorbidities, signs, and ill-defined...",4306,8,0.98,1,0.42,1.93
564.8 ,Other specified function disorder...,Diseases of the digestive system,31207,58,0.98,0.9476987203,0.74,1.27
691.8 ,Other atopic dermatitis and related...,Diseases of the skin and subcutaneous...,51632,95,0.97,0.7977044244,0.78,1.18
595.0 ,Acute cystitis,Diseases of the genitourinary...,134159,248,0.97,0.6719091552,0.85,1.1
698.3 ,Lichenification and lichen simplex...,Diseases of the skin and subcutaneous...,33648,62,0.97,0.8498096806,0.74,1.24
620.8 ,Other noninflammatory disorders...,Diseases of the genitourinary...,2170,4,0.97,1,0.26,2.49
464.1 ,Acute tracheitis,Diseases of the respiratory system,20020,37,0.97,0.9350071205,0.68,1.34
639.9 ,Unspecified complication following...,"Complications of pregnancy, childbirth,...",7570,14,0.97,1,0.53,1.63
614.2 ,Salpingitis and oophoritis not...,Diseases of the genitourinary...,30073,55,0.96,0.8412264837,0.72,1.25
616.11 ,Vaginitis and vulvovaginitis in...,Diseases of the genitourinary...,57109,105,0.96,0.7696253808,0.79,1.17
625 ,Pain and other symptoms associated...,Diseases of the genitourinary...,2735,5,0.96,1,0.31,2.25
637.91 ,"Unspecified abortion, without...","Complications of pregnancy, childbirth,...",27886,51,0.96,0.8354558363,0.71,1.27
637.92 ,"Unspecified abortion, without...","Complications of pregnancy, childbirth,...",5456,10,0.96,1,0.46,1.77
487.8 ,Influenza with other manifestations,Diseases of the respiratory system,38762,71,0.96,0.813561184,0.75,1.22
555.1 ,Regional enteritis of large intestine,Diseases of the digestive system,4359,8,0.96,1,0.42,1.9
686.1 ,Pyogenic granuloma of skin and...,Diseases of the skin and subcutaneous...,2186,4,0.96,1,0.26,2.47
891 ,"Open wound of knee, leg (except...",Injury and poisoning,6618,12,0.95,1,0.49,1.67
894.0 ,Multiple and unspecified open...,Injury and poisoning,44552,81,0.95,0.7410198269,0.76,1.19
616.9 ,Unspecified inflammatory disease...,Diseases of the genitourinary...,372621,683,0.95,0.2718257882,0.88,1.04
464.2 ,Acute larygotracheitis,Diseases of the respiratory system,14316,26,0.95,0.9231680654,0.62,1.4
464.20 ,Acute laryngotracheitis without...,Diseases of the respiratory system,104132,188,0.95,0.4862328643,0.81,1.1
628.9 ,"Infertility, female, of unspecified...",Diseases of the genitourinary...,40515,73,0.95,0.6864546831,0.74,1.19
633 ,Ectopic pregnancy,"Complications of pregnancy, childbirth,...",4970,9,0.95,1,0.43,1.81
112.1 ,Candidiasis of vulva and vagina,Infectious and parasitic diseases,161684,293,0.95,0.4020537423,0.84,1.07
840.9 ,Sprains and strains of unspecified...,Injury and poisoning,8277,15,0.95,1,0.53,1.57
879.6 ,Open wound of other and unspecified...,Injury and poisoning,2224,4,0.94,1,0.26,2.42
724 ,Other and unspecified disorders...,Diseases of the musculoskeletal...,2785,5,0.94,1,0.31,2.21
625.5 ,Pelvic congestion syndrome,Diseases of the genitourinary...,4470,8,0.94,1,0.41,1.86
054.2 ,Herpetic gingivostomatitis,Infectious and parasitic diseases,4466,8,0.94,1,0.41,1.86
634.01 ,"Spontaneous abortion, complicated...","Complications of pregnancy, childbirth,...",7813,14,0.94,1,0.51,1.58
478.8 ,Upper respiratory tract hypersensitivity...,Diseases of the respiratory system,5005,9,0.94,1,0.43,1.8
640 ,Hemorrhage in early pregnancy,"Complications of pregnancy, childbirth,...",19540,35,0.94,0.8042772358,0.65,1.31
656.63 ,"Excessive fetal growth, affecting...","Complications of pregnancy, childbirth,...",3897,7,0.94,1,0.38,1.95
844.2 ,Sprain of cruciate ligament of...,Injury and poisoning,2231,4,0.94,1,0.26,2.42
870.0 ,Laceration of skin of eyelid and...,Injury and poisoning,2257,4,0.93,1,0.25,2.39
883 ,Open wound of finger(s),Injury and poisoning,5066,9,0.93,1,0.43,1.77
615.9 ,Unspecified inflammatory disease...,Diseases of the genitourinary...,101148,180,0.93,0.3726558609,0.8,1.08
924.1 ,Contusion of knee and lower leg,Injury and poisoning,3375,6,0.93,1,0.34,2.04
623.9 ,Unspecified noninflammatory disorder...,Diseases of the genitourinary...,2271,4,0.93,1,0.25,2.37
626.2 ,Excessive or frequent menstruation,Diseases of the genitourinary...,77688,138,0.93,0.4240727715,0.78,1.1
692.4 ,Contact dermatitis and other eczema...,Diseases of the skin and subcutaneous...,36677,64,0.92,0.5445610139,0.7,1.17
616.10 ,"Vaginitis and vulvovaginitis,...",Diseases of the genitourinary...,380942,679,0.92,0.0537577332,0.84,1
924.11 ,Contusion of knee,Injury and poisoning,22909,40,0.92,0.6470142628,0.65,1.25
455.2 ,Internal hemorrhoids with other...,Diseases of the circulatory system,6821,12,0.92,1,0.48,1.62
873.49 ,Open wound of other and multiple...,Injury and poisoning,2898,5,0.91,1,0.29,2.12
916.1 ,"Abrasion or friction burn of hip,...",Injury and poisoning,4045,7,0.91,1,0.36,1.88
626.8 ,Other disorders of menstruation...,Diseases of the genitourinary...,239962,420,0.91,0.0660302796,0.82,1.01
614.6 ,"Pelvic peritoneal adhesions, female...",Diseases of the genitourinary...,6986,12,0.9,0.8901141194,0.47,1.58
998.5 ,Postoperative infection,Injury and poisoning,19750,34,0.9,0.6221945822,0.62,1.27
003.9 ,"Salmonella infection, unspecified",Infectious and parasitic diseases,2922,5,0.9,1,0.29,2.1
626 ,Disorders of menstruation and...,Diseases of the genitourinary...,47652,82,0.9,0.3936624188,0.72,1.12
782.1 ,Rash and other nonspecific skin...,"Comorbidities, signs, and ill-defined...",15225,26,0.9,0.6409755576,0.58,1.32
643.10 ,Hyperemesis gravidarum with metabolic...,"Complications of pregnancy, childbirth,...",5253,9,0.9,0.874585528,0.41,1.71
787.7 ,Abnormal feces,"Comorbidities, signs, and ill-defined...",4681,8,0.9,1,0.39,1.77
558 ,Other and unspecified noninfectious...,Diseases of the digestive system,26111,45,0.9,0.5667862038,0.66,1.21
588.9 ,Unspecified disorder resulting...,Diseases of the genitourinary...,2368,4,0.89,1,0.24,2.28
623.5 ,"Leukorrhea, not specified as infective",Diseases of the genitourinary...,87282,149,0.89,0.188594478,0.75,1.05
009.2 ,Infectious diarrhea,Infectious and parasitic diseases,33523,57,0.89,0.4472414325,0.67,1.16
629 ,Other disorders of female genital...,Diseases of the genitourinary...,21788,37,0.89,0.5317914582,0.63,1.23
911.0 ,"Abrasion or friction burn of trunk,...",Injury and poisoning,4201,7,0.88,1,0.35,1.81
626.4 ,Irregular menstrual cycle,Diseases of the genitourinary...,492930,854,0.88,0.0011614243,0.81,0.95
614 ,"Inflammatory disease of ovary,...",Diseases of the genitourinary...,6670,11,0.87,0.7776818799,0.43,1.55
614.9 ,Unspecified inflammatory disease...,Diseases of the genitourinary...,226594,383,0.87,0.0123165946,0.78,0.97
622.1 ,Dysplasia of cervix (uteri),Diseases of the genitourinary...,6606,11,0.87,0.7773760252,0.44,1.57
728.85 ,Spasm of muscle,Diseases of the musculoskeletal...,9062,15,0.87,0.7161216249,0.49,1.44
216.4 ,Benign neoplasm of scalp and skin...,Neoplasms,2415,4,0.87,1,0.24,2.23
531.9 ,"Gastric ulcer, unspecified as...",Diseases of the digestive system,2406,4,0.87,1,0.24,2.24
789.0 ,Abdominal pain,"Comorbidities, signs, and ill-defined...",718383,1257,0.87,0.0001069429,0.81,0.93
656.50 ,"Poor fetal growth, affecting management...","Complications of pregnancy, childbirth,...",2428,4,0.87,1,0.24,2.22
276.5 ,Volume depletion,"Endocrine, nutritional and metabolic...",11434,19,0.87,0.665915,0.52,1.36
854.09 ,Intracranial injury of other and...,Injury and poisoning,3653,6,0.86,1,0.32,1.88
614.3 ,Acute parametritis and pelvic...,Diseases of the genitourinary...,21941,36,0.86,0.4349390807,0.6,1.19
922.1 ,Contusion of chest wall,Injury and poisoning,19591,32,0.86,0.4572708505,0.58,1.21
131.01 ,Trichomonal vulvovaginitis,Infectious and parasitic diseases,8543,14,0.86,0.7079413931,0.47,1.45
643.1 ,Hyperemesis gravidarum with metabolic...,"Complications of pregnancy, childbirth,...",3038,5,0.86,1,0.28,2.02
590.10 ,Acute pyelonephritis without lesion...,Diseases of the genitourinary...,14855,24,0.85,0.5070759196,0.54,1.26
616.8 ,Other specified inflammatory diseases...,Diseases of the genitourinary...,25279,41,0.85,0.3441530561,0.61,1.16
455 ,Hemorrhoids,Diseases of the circulatory system,9220,15,0.85,0.6318572978,0.48,1.41
215.9 ,Other benign neoplasm of connective...,Neoplasms,5581,9,0.85,0.7580192832,0.39,1.61
641.93 ,"Unspecified antepartum hemorrhage,...","Complications of pregnancy, childbirth,...",28387,46,0.85,0.3027475448,0.62,1.14
646.9 ,Unspecified complication of pregnancy,"Complications of pregnancy, childbirth,...",5564,9,0.85,0.7579332636,0.39,1.62
681.02 ,Onychia and paronychia of finger,Diseases of the skin and subcutaneous...,4932,8,0.85,0.8690168669,0.37,1.68
465.8 ,Acute upper respiratory infections...,Diseases of the respiratory system,190515,310,0.84,0.0031799032,0.74,0.94
634 ,Spontaneous abortion,"Complications of pregnancy, childbirth,...",2503,4,0.84,1,0.23,2.15
644.03 ,"Threatened premature labor, antepartum...","Complications of pregnancy, childbirth,...",41241,66,0.84,0.1696777162,0.65,1.07
648.8 ,Abnormal glucose tolerance of...,"Complications of pregnancy, childbirth,...",2498,4,0.84,1,0.23,2.16
448.1 ,"Nevus, non-neoplastic",Diseases of the circulatory system,2535,4,0.83,1,0.23,2.13
008.8 ,Intestinal infection due to other...,Infectious and parasitic diseases,3150,5,0.83,1,0.27,1.95
628.2 ,"Infertility, female, of tubal...",Diseases of the genitourinary...,6940,11,0.83,0.6777956383,0.41,1.49
634.90 ,"Spontaneous abortion, without...","Complications of pregnancy, childbirth,...",12625,20,0.83,0.4729585633,0.51,1.29
635.90 ,"Legally induced abortion, without...","Complications of pregnancy, childbirth,...",12574,20,0.83,0.4728423984,0.51,1.29
643.03 ,"Mild hyperemesis gravidarum, antepartum...","Complications of pregnancy, childbirth,...",15856,25,0.83,0.4090885166,0.53,1.22
523.0 ,Acute gingivitis,Diseases of the digestive system,5679,9,0.83,0.7589594872,0.38,1.58
656.33 ,"Fetal distress, affecting management...","Complications of pregnancy, childbirth,...",3811,6,0.83,0.8513754958,0.3,1.8
916.0 ,"Abrasion or friction burn of hip,...",Injury and poisoning,30514,48,0.82,0.2074726751,0.61,1.09
656.30 ,"Fetal distress, affecting management...","Complications of pregnancy, childbirth,...",1931,3,0.82,1,0.17,2.39
873.0 ,"Open wound of scalp, without mention...",Injury and poisoning,10322,16,0.81,0.4957561394,0.46,1.32
382.4 ,Unspecified suppurative otitis...,Diseases of the nervous system,2582,4,0.81,1,0.22,2.09
629.9 ,Unspecified disorder of female...,Diseases of the genitourinary...,36357,56,0.81,0.1137927434,0.61,1.05
728.8 ,"Other disorders of muscle, ligament...",Diseases of the musculoskeletal...,2579,4,0.81,1,0.22,2.09
597.80 ,"Urethritis, unspecified",Diseases of the genitourinary...,24356,37,0.8,0.18234647,0.56,1.1
914.6 ,Superficial foreign body (splinter)...,Injury and poisoning,2618,4,0.8,1,0.22,2.06
614.0 ,Acute salpingitis and oophoritis,Diseases of the genitourinary...,21700,33,0.8,0.2098785942,0.55,1.12
614.8 ,Other specified inflammatory disease...,Diseases of the genitourinary...,13732,21,0.8,0.3752427175,0.5,1.23
616.2 ,Cyst of Bartholin's gland,Diseases of the genitourinary...,5221,8,0.8,0.7484821115,0.35,1.59
256 ,Hyperestrogenism,"Endocrine, nutritional and metabolic...",1968,3,0.8,1,0.16,2.34
656.4 ,"Intrauterine death, affecting...","Complications of pregnancy, childbirth,...",1976,3,0.8,1,0.16,2.34
569.9 ,Unspecified disorder of intestine,Diseases of the digestive system,7900,12,0.8,0.5175116656,0.41,1.39
873.42 ,"Open wound of forehead, without...",Injury and poisoning,1988,3,0.79,1,0.16,2.32
916.9 ,Other and unspecified superficial...,Injury and poisoning,1984,3,0.79,1,0.16,2.33
455.8 ,Unspecified hemorrhoids with other...,Diseases of the circulatory system,9987,15,0.79,0.4199319585,0.44,1.3
626.9 ,Unspecified disorders of menstruation...,Diseases of the genitourinary...,315274,494,0.79,0.0000011213271,0.72,0.87
652.93 ,"Unspecified malposition or malpresentation,...","Complications of pregnancy, childbirth,...",2652,4,0.79,0.8242767435,0.22,2.03
382.3 ,Unspecified chronic suppurative...,Diseases of the nervous system,2015,3,0.78,1,0.16,2.29
615 ,"Inflammatory diseases of uterus,...",Diseases of the genitourinary...,9414,14,0.78,0.4071093133,0.43,1.31
616.0 ,Cervicitis and endocervicitis,Diseases of the genitourinary...,97685,147,0.78,0.0028294705,0.66,0.92
927.3 ,Crushing injury of finger(s),Injury and poisoning,3351,5,0.78,0.8409243445,0.25,1.83
215.2 ,Other benign neoplasm of connective...,Neoplasms,2012,3,0.78,1,0.16,2.29
788.0 ,Renal colic,"Comorbidities, signs, and ill-defined...",6034,9,0.78,0.554677851,0.36,1.49
535.51 ,"Unspecified gastritis and gastroduodenitis,...",Diseases of the digestive system,2690,4,0.78,0.8244885347,0.21,2
669.93 ,Unspecified complication of labor...,"Complications of pregnancy, childbirth,...",4740,7,0.78,0.6171440806,0.31,1.6
845 ,Sprains and strains of ankle and...,Injury and poisoning,3365,5,0.78,0.841185121,0.25,1.82
571.5 ,Cirrhosis of liver without mention...,Diseases of the digestive system,2049,3,0.77,1,0.16,2.25
780.3 ,Convulsions,"Comorbidities, signs, and ill-defined...",2723,4,0.77,0.8248147391,0.21,1.98
524.62 ,"Temporomandibular joint disorders,...",Diseases of the digestive system,2716,4,0.77,0.8247347007,0.21,1.98
644.00 ,"Threatened premature labor, unspecified...","Complications of pregnancy, childbirth,...",17109,25,0.77,0.2160616942,0.49,1.13
537.89 ,Other specified disorders of stomach...,Diseases of the digestive system,2056,3,0.77,1,0.16,2.24
674.90 ,"Unspecified complications of puerperium,...","Complications of pregnancy, childbirth,...",3414,5,0.77,0.6957236034,0.25,1.8
558.2 ,Toxic gastroenteritis and colitis,Diseases of the digestive system,4089,6,0.77,0.7172303775,0.28,1.68
923.3 ,Contusion of finger,Injury and poisoning,3447,5,0.76,0.6958626849,0.25,1.78
634.10 ,"Spontaneous abortion, complicated...","Complications of pregnancy, childbirth,...",2068,3,0.76,1,0.16,2.23
656.5 ,Poor fetal growth affecting management...,"Complications of pregnancy, childbirth,...",2781,4,0.76,0.8256961591,0.21,1.94
666.14 ,"Other immediate postpartum hemorrhage,...","Complications of pregnancy, childbirth,...",5519,8,0.76,0.5364388756,0.33,1.5
487.0 ,Influenza with pneumonia,Diseases of the respiratory system,7041,10,0.75,0.4121003663,0.36,1.37
643.0 ,Mild hyperemesis gravidarum,"Complications of pregnancy, childbirth,...",15993,23,0.75,0.2011291622,0.48,1.13
669.91 ,Unspecified complication of labor...,"Complications of pregnancy, childbirth,...",3513,5,0.75,0.69665965,0.24,1.75
694.0 ,Dermatitis herpetiformis,Diseases of the skin and subcutaneous...,2118,3,0.74,0.804356562,0.15,2.18
913.0 ,"Abrasion or friction burn of elbow,...",Injury and poisoning,14232,20,0.74,0.207874753,0.45,1.14
621.1 ,Chronic subinvolution of uterus,Diseases of the genitourinary...,2852,4,0.74,0.8272813498,0.2,1.89
626.0 ,Absence of menstruation,Diseases of the genitourinary...,310216,456,0.74,0.0000000003724916,0.67,0.81
216.8 ,Benign neoplasm of other specified...,Neoplasms,7058,10,0.74,0.4121305344,0.36,1.37
784.1 ,Throat pain,"Comorbidities, signs, and ill-defined...",30409,43,0.74,0.046428389,0.53,1
659 ,Failed mechanical induction of...,"Complications of pregnancy, childbirth,...",3532,5,0.74,0.6970139298,0.24,1.74
670.04 ,"Major puerperal infection, postpartum...","Complications of pregnancy, childbirth,...",2151,3,0.73,0.8045487761,0.15,2.14
289.3 ,"Lymphadenitis, unspecified, except...",Diseases of the blood and blood-forming...,8582,12,0.73,0.3215983124,0.38,1.28
892.1 ,Open wound of foot except toe(s)...,Injury and poisoning,2913,4,0.72,0.6710458602,0.2,1.85
650 ,Normal delivery,"Complications of pregnancy, childbirth,...",10931,15,0.72,0.2260117953,0.4,1.19
473.8 ,Other chronic sinusitis,Diseases of the respiratory system,2205,3,0.71,0.8052573364,0.15,2.09
727.09 ,Other synovitis and tenosynovitis,Diseases of the musculoskeletal...,3706,5,0.71,0.571074333,0.23,1.66
633.9 ,Unspecified ectopic pregnancy,"Complications of pregnancy, childbirth,...",22166,30,0.71,0.0621247474,0.48,1.01
644 ,Early or threatened labor,"Complications of pregnancy, childbirth,...",6657,9,0.71,0.3953956743,0.32,1.35
873.8 ,Other and unspecified open wound...,Injury and poisoning,4504,6,0.7,0.4922732629,0.26,1.52
923.8 ,Contusion of multiple sites of...,Injury and poisoning,3753,5,0.7,0.5717965701,0.23,1.63
723.3 ,Cervicobrachial syndrome (diffuse),Diseases of the musculoskeletal...,3019,4,0.7,0.6729348098,0.19,1.78
485 ,"Bronchopneumonia, organism unspecified",Diseases of the respiratory system,9712,13,0.7,0.2415843766,0.37,1.2
916 ,"Superficial injury of hip, thigh,...",Injury and poisoning,6057,8,0.69,0.3742393915,0.3,1.37
924.21 ,Contusion of ankle,Injury and poisoning,7564,10,0.69,0.2899594702,0.33,1.28
640.00 ,"Threatened abortion, unspecified...","Complications of pregnancy, childbirth,...",50283,67,0.69,0.0021584085,0.54,0.88
646.90 ,"Unspecified complication of pregnancy,...","Complications of pregnancy, childbirth,...",14483,19,0.69,0.1037626079,0.41,1.08
646.91 ,"Unspecified complication of pregnancy,...","Complications of pregnancy, childbirth,...",3026,4,0.69,0.6731353568,0.19,1.78
532.30 ,Acute duodenal ulcer without mention...,Diseases of the digestive system,2287,3,0.69,0.8072101245,0.14,2.02
616.50 ,"Ulceration of vulva, unspecified",Diseases of the genitourinary...,6938,9,0.68,0.3309121804,0.31,1.29
478.9 ,Other and unspecified diseases...,Diseases of the respiratory system,19942,26,0.68,0.0496037018,0.44,1
644.13 ,"Other threatened labor, antepartum...","Complications of pregnancy, childbirth,...",7736,10,0.68,0.2926218776,0.32,1.25
005.9 ,"Food poisoning, unspecified",Infectious and parasitic diseases,2356,3,0.67,0.6387926673,0.14,1.96
629.8 ,Other specified disorders of female...,Diseases of the genitourinary...,16486,21,0.67,0.0714830255,0.41,1.02
478.6 ,Edema of larynx,Diseases of the respiratory system,3929,5,0.67,0.46401266,0.22,1.56
614.1 ,Chronic salpingitis and oophoritis,Diseases of the genitourinary...,2408,3,0.65,0.6392565375,0.13,1.91
615.0 ,Acute inflammatory diseases of...,Diseases of the genitourinary...,28111,35,0.65,0.0086327878,0.45,0.91
977.9 ,Poisoning by unspecified drug...,Injury and poisoning,5649,7,0.65,0.3550360855,0.26,1.34
998.3 ,Disruption of operation wound,Injury and poisoning,2428,3,0.65,0.6396262425,0.13,1.9
078.89 ,Other specified diseases due to...,Infectious and parasitic diseases,2425,3,0.65,0.6395641563,0.13,1.9
634.11 ,"Spontaneous abortion, complicated...","Complications of pregnancy, childbirth,...",4862,6,0.65,0.4058692654,0.24,1.41
643.13 ,Hyperemesis gravidarum with metabolic...,"Complications of pregnancy, childbirth,...",74500,94,0.65,0.0000168493,0.53,0.8
680.0 ,Carbuncle and furuncle of face,Diseases of the skin and subcutaneous...,8006,10,0.65,0.1992236517,0.31,1.21
919.8 ,Other and unspecified superficial...,Injury and poisoning,4926,6,0.64,0.3267827943,0.23,1.39
523.9 ,Unspecified gingival and periodontal...,Diseases of the digestive system,4937,6,0.64,0.3268294619,0.23,1.39
912.0 ,Abrasion or friction burn of shoulder...,Injury and poisoning,3308,4,0.63,0.5443519769,0.17,1.63
011.90 ,"Pulmonary tuberculosis, unspecified,...",Infectious and parasitic diseases,3327,4,0.63,0.5452193964,0.17,1.62
216.7 ,Benign neoplasm of skin of lower...,Neoplasms,2504,3,0.63,0.6419550849,0.13,1.84
643.90 ,"Unspecified vomiting of pregnancy,...","Complications of pregnancy, childbirth,...",4151,5,0.63,0.3738683075,0.2,1.48
882 ,Open wound of hand except finger(s)...,Injury and poisoning,3410,4,0.62,0.4311566691,0.17,1.58
590.80 ,"Pyelonephritis, unspecified",Diseases of the genitourinary...,4211,5,0.62,0.3744592322,0.2,1.46
074.0 ,Herpangina,Infectious and parasitic diseases,3361,4,0.62,0.5469643816,0.17,1.6
640.93 ,Unspecified hemorrhage in early...,"Complications of pregnancy, childbirth,...",8439,10,0.62,0.1658129109,0.3,1.14
643.91 ,"Unspecified vomiting of pregnancy,...","Complications of pregnancy, childbirth,...",2528,3,0.62,0.6429818899,0.13,1.82
655.93 ,"Unspecified suspected fetal abnormality,...","Complications of pregnancy, childbirth,...",2534,3,0.62,0.6432595935,0.13,1.82
590 ,Infections of kidney,Diseases of the genitourinary...,2573,3,0.61,0.6452639206,0.13,1.79
634.91 ,"Spontaneous abortion, without...","Complications of pregnancy, childbirth,...",6038,7,0.61,0.2341407752,0.24,1.25
640.03 ,"Threatened abortion, antepartum...","Complications of pregnancy, childbirth,...",132354,158,0.61,0.00000000006143598,0.52,0.71
644.0 ,Threatened premature labor,"Complications of pregnancy, childbirth,...",11185,13,0.61,0.0801773684,0.32,1.04
535.10 ,"Atrophic gastritis, without mention...",Diseases of the digestive system,2576,3,0.61,0.6454321269,0.13,1.79
881 ,"Open wound of elbow, forearm,...",Injury and poisoning,3501,4,0.6,0.433304089,0.16,1.54
716.10 ,"Traumatic arthropathy, site unspecified",Diseases of the musculoskeletal...,2604,3,0.6,0.5019426526,0.12,1.77
565.0 ,Anal fissure,Diseases of the digestive system,6950,8,0.6,0.1678297513,0.26,1.19
959.9 ,Unspecified site injury,Injury and poisoning,2678,3,0.59,0.5030932433,0.12,1.72
631 ,Other abnormal product of conception,"Complications of pregnancy, childbirth,...",23833,27,0.59,0.0043386572,0.39,0.86
643.00 ,"Mild hyperemesis gravidarum, unspecified...","Complications of pregnancy, childbirth,...",24569,28,0.59,0.003948917,0.39,0.86
786.00 ,"Respiratory abnormality, unspecified","Comorbidities, signs, and ill-defined...",3555,4,0.59,0.4355350354,0.16,1.51
798.0 ,Sudden infant death syndrome,"Comorbidities, signs, and ill-defined...",3586,4,0.59,0.4371244315,0.16,1.5
640.83 ,Other specified hemorrhage in...,"Complications of pregnancy, childbirth,...",4523,5,0.58,0.3013090549,0.19,1.36
646.80 ,Other specified complications...,"Complications of pregnancy, childbirth,...",3608,4,0.58,0.3407982418,0.16,1.49
478 ,Other diseases of upper respiratory...,Diseases of the respiratory system,4602,5,0.57,0.3043486146,0.18,1.33
641.9 ,Unspecified antepartum hemorrhage,"Complications of pregnancy, childbirth,...",3756,4,0.56,0.3438166595,0.15,1.43
648.93 ,Other current conditions classifiable...,"Complications of pregnancy, childbirth,...",9417,10,0.56,0.0576353094,0.27,1.02
786.4 ,Abnormal sputum,"Comorbidities, signs, and ill-defined...",1910,2,0.55,0.596340224,0.07,1.99
847 ,Sprains and strains of other and...,Injury and poisoning,1892,2,0.55,0.5957883192,0.07,2.01
891.1 ,"Open wound of knee, leg [except...",Injury and poisoning,6787,7,0.54,0.1219514284,0.22,1.12
646.93 ,"Unspecified complication of pregnancy,...","Complications of pregnancy, childbirth,...",12659,13,0.54,0.0183861827,0.29,0.92
656.3 ,Fetal distress affecting management...,"Complications of pregnancy, childbirth,...",3860,4,0.54,0.2676159511,0.15,1.39
674.34 ,Other complications of obstetrical...,"Complications of pregnancy, childbirth,...",17297,18,0.54,0.0063756157,0.32,0.86
850.1 ,Concussion with brief loss of...,Injury and poisoning,1932,2,0.54,0.5971707063,0.07,1.97
729.81 ,Swelling of limb,Diseases of the musculoskeletal...,1975,2,0.53,0.5992716117,0.06,1.92
640.91 ,Unspecified hemorrhage in early...,"Complications of pregnancy, childbirth,...",3942,4,0.53,0.2688910616,0.14,1.36
644.1 ,Other threatened labor,"Complications of pregnancy, childbirth,...",1972,2,0.53,0.5991050965,0.06,1.93
696.5 ,Other and unspecified pityriasis,Diseases of the skin and subcutaneous...,5005,5,0.52,0.1897359444,0.17,1.22
597.8 ,Other urethritis,Diseases of the genitourinary...,2010,2,0.52,0.6014272999,0.06,1.89
719.48 ,"Pain in joint, other specified...",Diseases of the musculoskeletal...,1999,2,0.52,0.6007080679,0.06,1.9
637.90 ,"Unspecified abortion, without...","Complications of pregnancy, childbirth,...",9999,10,0.52,0.0372170046,0.25,0.96
841.9 ,Sprains and strains of unspecified...,Injury and poisoning,3032,3,0.52,0.3971761009,0.11,1.52
923.10 ,Contusion of forearm,Injury and poisoning,3063,3,0.51,0.3018648618,0.11,1.5
641.90 ,"Unspecified antepartum hemorrhage,...","Complications of pregnancy, childbirth,...",4095,4,0.51,0.2087245515,0.14,1.31
643 ,Excessive vomiting in pregnancy,"Complications of pregnancy, childbirth,...",8202,8,0.51,0.0553288936,0.22,1.01
726.4 ,Enthesopathy of wrist and carpus,Diseases of the musculoskeletal...,3124,3,0.5,0.302447607,0.1,1.47
131.00 ,"Urogenital trichomoniasis, unspecified",Infectious and parasitic diseases,9511,9,0.5,0.0323845426,0.23,0.94
640.90 ,Unspecified hemorrhage in early...,"Complications of pregnancy, childbirth,...",13615,13,0.5,0.0074599794,0.27,0.86
648.23 ,"Anemia of mother, antepartum condition...","Complications of pregnancy, childbirth,...",5567,5,0.47,0.0892699159,0.15,1.1
674.80 ,"Other complications of puerperium,...","Complications of pregnancy, childbirth,...",3380,3,0.47,0.2326116607,0.1,1.36
726.8 ,Other peripheral enthesopathies,Diseases of the musculoskeletal...,2279,2,0.46,0.461654967,0.06,1.67
519.8 ,Other diseases of respiratory...,Diseases of the respiratory system,4550,4,0.46,0.1247413866,0.13,1.18
781.7 ,Tetany,"Comorbidities, signs, and ill-defined...",2278,2,0.46,0.461570427,0.06,1.67
883.1 ,"Open wound of finger(s), complicated",Injury and poisoning,4637,4,0.45,0.1257014566,0.12,1.16
621.9 ,Unspecified disorder of uterus,Diseases of the genitourinary...,3502,3,0.45,0.237356346,0.09,1.31
641.13 ,"Hemorrhage from placenta previa,...","Complications of pregnancy, childbirth,...",2336,2,0.45,0.3410670977,0.05,1.63
652.23 ,Breech presentation without mention...,"Complications of pregnancy, childbirth,...",2334,2,0.45,0.3410298819,0.05,1.63
727.89 ,"Other disorders of synovium, tendon,...",Diseases of the musculoskeletal...,2433,2,0.43,0.344702,0.05,1.56
643.93 ,"Unspecified vomiting of pregnancy,...","Complications of pregnancy, childbirth,...",2466,2,0.43,0.3467245894,0.05,1.54
648.03 ,"Diabetes mellitus of mother, complicating...","Complications of pregnancy, childbirth,...",2456,2,0.43,0.3460711137,0.05,1.55
810.00 ,"Closed fracture of clavicle, unspecified...",Injury and poisoning,2413,2,0.43,0.3436657838,0.05,1.57
008.6 ,"Virus Enteritis, specified",Infectious and parasitic diseases,3784,3,0.42,0.1340521719,0.09,1.22
881.01 ,"Open wound of elbow, without mention...",Injury and poisoning,3867,3,0.41,0.1353573025,0.08,1.19
640.8 ,Other specified hemorrhage in...,"Complications of pregnancy, childbirth,...",2531,2,0.41,0.2551150243,0.05,1.5
269.2 ,Unspecified vitamin deficiency,"Endocrine, nutritional and metabolic...",2564,2,0.41,0.255483818,0.05,1.48
637.9 ,Legally unspecified abortion without...,"Complications of pregnancy, childbirth,...",2650,2,0.4,0.2582174817,0.05,1.43
881.02 ,"Open wound of wrist, without mention...",Injury and poisoning,4065,3,0.39,0.1018106688,0.08,1.13
682.7 ,"Cellulitis and abscess of foot,...",Diseases of the skin and subcutaneous...,2680,2,0.39,0.2597526308,0.05,1.42
913 ,"Superficial ilnjury of elbow,...",Injury and poisoning,2992,2,0.35,0.1408619483,0.04,1.27
727.42 ,Ganglion of tendon sheath,Diseases of the musculoskeletal...,3011,2,0.35,0.1410451701,0.04,1.26
646.8 ,Other specified complications...,"Complications of pregnancy, childbirth,...",2988,2,0.35,0.1408349107,0.04,1.27
919.9 ,Other and unspecified superficial...,Injury and poisoning,3101,2,0.34,0.1431223184,0.04,1.22
646.01 ,"Papyraceous fetus, delivered,...","Complications of pregnancy, childbirth,...",4566,3,0.34,0.0581045509,0.07,1.01
070.51 ,Acute hepatitis C without mention...,Infectious and parasitic diseases,3280,2,0.32,0.1048078457,0.04,1.16
640.01 ,"Threatened abortion, delivered,...","Complications of pregnancy, childbirth,...",3417,2,0.31,0.0763638123,0.04,1.11
643.9 ,Unspecified vomiting of pregnancy,"Complications of pregnancy, childbirth,...",5116,3,0.31,0.0234096503,0.06,0.9
658.03 ,"Oligohydramnios, antepartum condition...","Complications of pregnancy, childbirth,...",3490,2,0.3,0.0769746411,0.04,1.09
087.9 ,"Relapsing fever, unspecified",Infectious and parasitic diseases,1903,1,0.28,0.2818000729,0.01,1.54
644.10 ,"Other threatened labor, unspecified...","Complications of pregnancy, childbirth,...",3775,2,0.28,0.057474018,0.03,1
674.30 ,Other complications of obstetrical...,"Complications of pregnancy, childbirth,...",1986,1,0.26,0.1974518672,0.01,1.47
639.8 ,Other specified complications...,"Complications of pregnancy, childbirth,...",2095,0,0.25,0.0392428775,,0.92
661.4 ,"Hypertonic, incoordinate, or prolonged...","Complications of pregnancy, childbirth,...",2066,1,0.25,0.1997371316,0.01,1.42
555 ,Regional enteritis,Diseases of the digestive system,2089,1,0.25,0.2008763592,0.01,1.4
842.01 ,Sprain of carpal (joint) of wrist,Injury and poisoning,2128,1,0.25,0.2032809104,0.01,1.37
110.2 ,Dermatophytosis of hand,Infectious and parasitic diseases,2222,1,0.24,0.1415041283,0.01,1.32
674.6 ,Other complications of obstetrical...,"Complications of pregnancy, childbirth,...",,0,0.24,0.0259731192,,0.87
882.1 ,Open wound of hand except finger(s)...,Injury and poisoning,2310,1,0.23,0.1441777013,0.01,1.27
726.19 ,Other specified disorders of bursae...,Diseases of the musculoskeletal...,2276,1,0.23,0.1428445166,0.01,1.29
786.1 ,Stridor,"Comorbidities, signs, and ill-defined...",2289,1,0.23,0.1433102565,0.01,1.28
656.31 ,"Fetal distress, affecting management...","Complications of pregnancy, childbirth,...",2306,1,0.23,0.1440015831,0.01,1.27
648.20 ,"Anemia of mother, unspecified...","Complications of pregnancy, childbirth,...",2434,0,0.22,0.0177159942,,0.79
880.00 ,"Open wound of shoulder region,...",Injury and poisoning,2658,1,0.2,0.0720287712,0,1.1
455.5 ,External hemorrhoids with other...,Diseases of the circulatory system,2562,1,0.2,0.1045659865,0.01,1.14
892 ,Open wound of foot except toe(s)...,Injury and poisoning,2821,1,0.19,0.0509864263,0,1.04
