disease_2,disease_name,category,count,co_occurrence,odds_ratio,p_value,95_ci_lower,95_ci_upper
850.0 ,Concussion with no loss of consciousness,Injury and poisoning,4491,747,12.57,< 0.0001,11.57,13.64
310.2 ,Postconcussion syndrome,Mental disorders,1526,248,11.58,2.82282e-158,10.05,13.3
910 ,"Superficial injury of face, neck,...",Injury and poisoning,1121,174,10.88,5.74177e-108,9.19,12.82
910.0 ,"Abrasion or friction burn of face,...",Injury and poisoning,4211,615,10.61,< 0.0001,9.69,11.58
850.9 ,"Concussion, unspecified",Injury and poisoning,4727,683,10.55,< 0.0001,9.69,11.47
850 ,Concussion,Injury and poisoning,2793,402,10.19,8.78242e-236,9.13,11.36
873 ,Other open wound of head,Injury and poisoning,2706,363,9.35,3.40431e-202,8.33,10.47
873.0 ,"Open wound of scalp, without mention...",Injury and poisoning,10247,1248,9.21,< 0.0001,8.63,9.81
873.42 ,"Open wound of forehead, without...",Injury and poisoning,2358,303,8.84,2.06734e-163,7.8,10
873.40 ,"Open wound of face, unspecified...",Injury and poisoning,11077,1257,8.49,< 0.0001,7.97,9.04
873.41 ,"Open wound of cheek, without mention...",Injury and poisoning,1181,143,8.13,2.767868e-74,6.77,9.7
854.01 ,Intracranial injury of other and...,Injury and poisoning,2726,300,7.41,4.17969e-143,6.54,8.37
854.09 ,Intracranial injury of other and...,Injury and poisoning,1485,163,7.29,4.321362e-78,6.15,8.59
854.00 ,Intracranial injury of other and...,Injury and poisoning,6115,634,7.16,4.74459e-289,6.57,7.8
923 ,Contusion of upper limb,Injury and poisoning,1189,128,7.1,1.128074e-60,5.86,8.55
870.0 ,Laceration of skin of eyelid and...,Injury and poisoning,1635,160,6.41,1.520007e-69,5.4,7.56
854.0 ,Intracranial injury of other and...,Injury and poisoning,1764,171,6.35,1.314841e-73,5.38,7.45
873.4 ,"Facial laceration, without mention...",Injury and poisoning,4175,396,6.33,4.68498e-166,5.68,7.04
432.1 ,Subdural hemorrhage,Diseases of the circulatory system,1103,105,6.18,4.467217e-45,5,7.57
923.20 ,Contusion of hand(s),Injury and poisoning,2231,210,6.17,9.749828e-88,5.31,7.12
922.8 ,Contusion of multiple sites of...,Injury and poisoning,1392,127,5.91,3.832879e-52,4.88,7.11
922.9 ,Contusion of unspecified part...,Injury and poisoning,3651,320,5.76,1.20562e-124,5.11,6.47
873.8 ,Other and unspecified open wound...,Injury and poisoning,3511,303,5.65,2.65569e-116,5,6.37
873.49 ,Open wound of other and multiple...,Injury and poisoning,1466,125,5.48,3.378577e-48,4.52,6.6
922.2 ,Contusion of abdominal wall,Injury and poisoning,1484,126,5.46,2.252352e-48,4.51,6.57
879.9 ,Open wound(s) (multiple) of unspecified...,Injury and poisoning,1088,89,5.22,1.958506e-33,4.15,6.5
922 ,Contusion of trunk,Injury and poisoning,1887,152,5.17,4.165446e-55,4.34,6.11
924 ,Contusion of lower limb and of...,Injury and poisoning,1989,156,5.02,5.159489e-55,4.23,5.92
923.9 ,Contusion of unspecified part...,Injury and poisoning,2983,231,4.99,9.604926e-80,4.33,5.71
922.1 ,Contusion of chest wall,Injury and poisoning,18003,1262,4.94,< 0.0001,4.64,5.25
923.11 ,Contusion of elbow,Injury and poisoning,1589,123,4.93,3.965365e-43,4.07,5.94
923.21 ,Contusion of wrist,Injury and poisoning,1190,90,4.8,2.994916e-31,3.82,5.96
728.71 ,Plantar fascial fibromatosis,Diseases of the musculoskeletal...,1146,86,4.76,1.071125e-29,3.77,5.93
854 ,Intracranial injury of other and...,Injury and poisoning,1256,93,4.69,1.541946e-31,3.75,5.8
923.00 ,Contusion of shoulder region,Injury and poisoning,3333,243,4.67,1.27829e-78,4.08,5.34
913.0 ,"Abrasion or friction burn of elbow,...",Injury and poisoning,5594,394,4.56,2.49581e-122,4.1,5.07
924.11 ,Contusion of knee,Injury and poisoning,6029,413,4.44,2.9633e-124,4,4.91
912.0 ,Abrasion or friction burn of shoulder...,Injury and poisoning,1165,82,4.44,1.509827e-26,3.5,5.56
924.00 ,Contusion of thigh,Injury and poisoning,1721,119,4.37,4.703916e-37,3.59,5.27
922.3 ,Contusion of back,Injury and poisoning,6211,416,4.33,6.19283e-122,3.9,4.8
919.9 ,Other and unspecified superficial...,Injury and poisoning,1245,84,4.24,6.26736e-26,3.35,5.3
919.8 ,Other and unspecified superficial...,Injury and poisoning,1508,101,4.21,1.366143e-30,3.4,5.16
882 ,Open wound of hand except finger(s)...,Injury and poisoning,1756,115,4.12,9.964337e-34,3.37,4.98
924.4 ,Contusion of multiple sites of...,Injury and poisoning,1427,92,4.04,8.00845e-27,3.23,5
810.00 ,"Closed fracture of clavicle, unspecified...",Injury and poisoning,1633,104,3.99,1.111881e-29,3.24,4.88
881 ,"Open wound of elbow, forearm,...",Injury and poisoning,1326,83,3.91,1.539484e-23,3.09,4.89
807.00 ,"Closed fracture of rib(s), unspecified",Injury and poisoning,2979,183,3.87,7.867851e-49,3.31,4.5
914.0 ,Abrasion or friction burn of hand(s)...,Injury and poisoning,3025,180,3.74,3.580351e-46,3.19,4.35
924.10 ,Contusion of lower leg,Injury and poisoning,2756,164,3.73,3.33255e-42,3.16,4.38
924.01 ,Contusion of hip,Injury and poisoning,2558,151,3.69,1.382231e-38,3.11,4.36
919 ,"Superficial injury of other, multiple,...",Injury and poisoning,1562,90,3.58,6.017303e-23,2.86,4.44
916.0 ,"Abrasion or friction burn of hip,...",Injury and poisoning,11013,608,3.57,7.37759e-140,3.28,3.89
916 ,"Superficial injury of hip, thigh,...",Injury and poisoning,1615,89,3.42,1.898964e-21,2.72,4.24
881.01 ,"Open wound of elbow, without mention...",Injury and poisoning,1768,97,3.4,4.293915e-23,2.74,4.18
715.80 ,"Osteoarthrosis involving, or with...",Diseases of the musculoskeletal...,1647,90,3.39,1.972737e-21,2.7,4.19
924.9 ,Contusion of unspecified site,Injury and poisoning,8193,435,3.38,2.28451e-94,3.05,3.73
882.1 ,Open wound of hand except finger(s)...,Injury and poisoning,1733,93,3.32,1.450985e-21,2.66,4.1
780.0 ,Alteration of consciousness,"Comorbidities, signs, and ill-defined...",4269,221,3.23,1.241774e-46,2.8,3.71
891 ,"Open wound of knee, leg (except...",Injury and poisoning,3538,183,3.22,8.228071e-39,2.75,3.74
924.20 ,Contusion of foot,Injury and poisoning,2945,151,3.18,6.874803e-32,2.68,3.75
294.8 ,Other persistent mental disorders...,Mental disorders,1264,65,3.17,0.00000000000001052536,2.43,4.07
919.0 ,"Abrasion or friction burn of other,...",Injury and poisoning,12638,622,3.16,6.48481e-121,2.9,3.44
891.1 ,"Open wound of knee, leg [except...",Injury and poisoning,4528,228,3.14,3.813958e-46,2.73,3.59
911.0 ,"Abrasion or friction burn of trunk,...",Injury and poisoning,1773,88,3.06,2.153524e-18,2.44,3.79
916.1 ,"Abrasion or friction burn of hip,...",Injury and poisoning,2016,100,3.06,1.159813e-20,2.47,3.75
881.00 ,"Open wound of forearm, without...",Injury and poisoning,5667,277,3.05,2.490155e-53,2.69,3.45
331.4 ,Obstructive hydrocephalus,Diseases of the nervous system,1411,70,3.05,0.000000000000005961575,2.36,3.89
924.5 ,Contusion of unspecified part...,Injury and poisoning,4078,196,2.98,3.823164e-37,2.56,3.45
820.00 ,Closed fracture of intracapsular...,Injury and poisoning,1221,59,2.97,0.000000000002176371,2.24,3.86
812.20 ,Closed fracture of unspecified...,Injury and poisoning,1108,53,2.93,0.00000000003949769,2.18,3.87
882.0 ,Open wound of hand except finger(s)...,Injury and poisoning,11734,532,2.87,2.608947e-90,2.62,3.14
892 ,Open wound of foot except toe(s)...,Injury and poisoning,2121,99,2.87,1.067133e-18,2.32,3.52
883 ,Open wound of finger(s),Injury and poisoning,1736,81,2.86,0.000000000000001390683,2.26,3.58
331.9 ,"Cerebral degeneration, unspecified",Diseases of the nervous system,1615,75,2.85,0.00000000000001910038,2.23,3.6
331.3 ,Communicating hydrocephalus,Diseases of the nervous system,2151,99,2.83,2.686939e-18,2.28,3.46
723.5 ,"Torticollis, unspecified",Diseases of the musculoskeletal...,1096,50,2.79,0.00000000067358,2.06,3.71
847.1 ,Sprain of thoracic,Injury and poisoning,1721,78,2.78,0.00000000000002053806,2.18,3.49
432.9 ,Unspecified intracranial hemorrhage,Diseases of the circulatory system,1415,64,2.77,0.000000000004485191,2.12,3.56
891.0 ,"Open wound of knee, leg [except...",Injury and poisoning,20281,863,2.75,1.83331e-132,2.56,2.96
823.80 ,Closed fracture of unspecified...,Injury and poisoning,1049,47,2.74,0.0000000037373207,2,3.67
884 ,Multiple and unspecified open...,Injury and poisoning,1208,54,2.73,0.0000000002979153,2.04,3.59
829.0 ,"Fracture of unspecified bone,...",Injury and poisoning,1670,74,2.71,0.0000000000002771445,2.12,3.43
431 ,Intracerebral hemorrhage,Diseases of the circulatory system,8799,379,2.69,7.607847e-59,2.41,2.99
290.20 ,Senile dementia with delusional...,Mental disorders,2422,106,2.68,6.818545e-18,2.18,3.26
893.1 ,"Open wound of toe(s), complicated",Injury and poisoning,1185,52,2.68,0.0000000011701236,1.99,3.54
924.21 ,Contusion of ankle,Injury and poisoning,1634,71,2.66,0.000000000002791711,2.06,3.37
883.1 ,"Open wound of finger(s), complicated",Injury and poisoning,1887,82,2.66,0.00000000000005244667,2.1,3.32
290.9 ,Unspecified senile psychotic condition,Mental disorders,2879,125,2.66,1.312803e-20,2.21,3.19
430 ,Subarachnoid hemorrhage,Diseases of the circulatory system,2175,94,2.64,9.435984e-16,2.13,3.26
799.3 ,"Debility, unspecified","Comorbidities, signs, and ill-defined...",2508,108,2.64,8.8678e-18,2.15,3.2
290.3 ,Senile dementia with delirium,Mental disorders,1154,50,2.64,0.0000000036165326,1.95,3.51
780.2 ,Syncope and collapse,"Comorbidities, signs, and ill-defined...",13667,569,2.63,7.505569e-83,2.41,2.87
894.1 ,Multiple and unspecified open...,Injury and poisoning,1674,71,2.59,0.000000000006410038,2.01,3.29
845.10 ,"Sprain of foot, unspecified site",Injury and poisoning,1519,64,2.57,0.00000000008840959,1.97,3.3
880.03 ,"Open wound of upper arm, without...",Injury and poisoning,1450,61,2.57,0.0000000002563006,1.95,3.32
884.0 ,Multiple and unspecified open...,Injury and poisoning,17529,700,2.54,1.364923e-94,2.34,2.75
345 ,Epilepsy,Diseases of the nervous system,1557,64,2.5,0.000000000302048,1.92,3.22
331.2 ,Senile degeneration of brain,Diseases of the nervous system,1657,68,2.5,0.00000000008222779,1.93,3.19
294.9 ,Unspecified persistent mental...,Mental disorders,2215,90,2.48,0.0000000000001403774,1.98,3.06
560.89 ,Other specified intestinal obstruction,Diseases of the digestive system,1139,46,2.46,0.00000011634552,1.79,3.3
917.0 ,Abrasion or friction burn of foot...,Injury and poisoning,3334,133,2.44,9.186647e-19,2.03,2.9
345.90 ,"Epilepsy, unspecified, without...",Diseases of the nervous system,3805,151,2.43,6.83662e-21,2.05,2.86
820 ,Fracture of neck of femur,Injury and poisoning,1558,62,2.42,0.0000000015100575,1.84,3.12
821.00 ,Closed fracture of unspecified...,Injury and poisoning,2481,98,2.41,0.00000000000005579475,1.94,2.95
959.7 ,"Knee, leg, ankle, and foot injury",Injury and poisoning,1378,54,2.38,0.000000027194969,1.78,3.13
388.4 ,Other abnormal auditory perception,Diseases of the nervous system,1182,46,2.36,0.00000035391181,1.72,3.18
844 ,Sprains and strains of knee and...,Injury and poisoning,1033,40,2.35,0.000002419703,1.67,3.22
723.2 ,Cervicocranial syndrome,Diseases of the musculoskeletal...,1298,50,2.34,0.0000002021364,1.72,3.1
596.4 ,Atony of bladder,Diseases of the genitourinary...,2485,95,2.33,0.0000000000008155118,1.87,2.86
883.0 ,"Open wound of finger(s), without...",Injury and poisoning,10251,385,2.33,1.194029e-45,2.09,2.58
894 ,Multiple and unspecified open...,Injury and poisoning,2198,84,2.32,0.00000000002031477,1.84,2.89
332.1 ,Secondary parkinsonism,Diseases of the nervous system,9072,338,2.3,1.488185e-39,2.05,2.57
345.9 ,"Epilepsy, unspecified",Diseases of the nervous system,1611,61,2.3,0.000000016214045,1.75,2.97
388.5 ,Disorders of acoustic nerve,Diseases of the nervous system,1767,67,2.3,0.0000000026181553,1.77,2.94
977.9 ,Poisoning by unspecified drug...,Injury and poisoning,1139,43,2.29,0.0000023973689,1.65,3.11
783.0 ,Anorexia,"Comorbidities, signs, and ill-defined...",3589,134,2.28,1.268821e-16,1.9,2.71
290.21 ,Senile dementia with depressive...,Mental disorders,1652,62,2.28,0.000000014704998,1.74,2.94
342.1 ,Spastic hemiplegia,Diseases of the nervous system,1316,49,2.26,0.00000052846347,1.66,3
847.0 ,Sprain of neck,Injury and poisoning,7273,268,2.26,9.11089e-31,1.99,2.56
251.0 ,Hypoglycemic coma,"Endocrine, nutritional and metabolic...",1074,40,2.26,0.0000071110164,1.6,3.1
892.1 ,Open wound of foot except toe(s)...,Injury and poisoning,2663,99,2.26,0.000000000001518001,1.83,2.77
458.9 ,"Hypotension, unspecified",Diseases of the circulatory system,2534,94,2.25,0.000000000006873571,1.81,2.77
333.90 ,Unspecified extrapyramidal disease...,Diseases of the nervous system,1192,44,2.24,0.0000025444338,1.61,3.02
331.0 ,Alzheimer's disease,Diseases of the nervous system,2237,82,2.22,0.0000000002126339,1.76,2.78
290 ,Senile and presenile organic psychotic...,Mental disorders,4122,149,2.2,4.521542e-17,1.85,2.6
560 ,Intestinal obstruction without...,Diseases of the digestive system,1846,67,2.2,0.000000018371534,1.7,2.81
437.2 ,Hypertensive encephalopathy,Diseases of the circulatory system,1549,56,2.19,0.00000027934755,1.64,2.86
840.8 ,Sprains and strains of other specified...,Injury and poisoning,1052,38,2.19,0.0000194858,1.54,3.02
892.0 ,Open wound of foot except toe(s)...,Injury and poisoning,12086,428,2.19,1.3754e-44,1.98,2.42
300.5 ,Neurasthenia,Mental disorders,1537,55,2.17,0.00000044344163,1.62,2.84
805.2 ,Closed fracture of dorsal [thoracic]...,Injury and poisoning,1287,46,2.16,0.0000036619119,1.57,2.9
879.6 ,Open wound of other and unspecified...,Injury and poisoning,1801,64,2.15,0.000000064949481,1.65,2.76
894.0 ,Multiple and unspecified open...,Injury and poisoning,26051,882,2.15,2.524373e-83,2,2.31
332 ,Parkinson's disease,Diseases of the nervous system,4941,174,2.15,1.46694e-18,1.83,2.5
813.81 ,Closed fracture of unspecified...,Injury and poisoning,1080,38,2.13,0.0000415424,1.49,2.94
276.9 ,Electrolyte and fluid disorders...,"Endocrine, nutritional and metabolic...",3272,115,2.13,0.000000000001047672,1.75,2.57
290.40 ,"Vascular dementia, uncomplicated",Mental disorders,2187,77,2.13,0.000000005326105,1.67,2.68
893.0 ,"Open wound of toe(s), without...",Injury and poisoning,4342,152,2.13,3.165121e-16,1.8,2.51
296.2 ,"Major depressive disorder, single...",Mental disorders,1393,49,2.13,0.0000030864671,1.56,2.83
296.30 ,"Major depressive affective disorder,...",Mental disorders,1706,60,2.13,0.00000023673459,1.62,2.76
890.0 ,"Open wound of hip and thigh, without...",Injury and poisoning,2173,76,2.12,0.0000000081235712,1.66,2.67
840 ,Sprains and strains of shoulder...,Injury and poisoning,1032,36,2.11,0.0000798113,1.47,2.94
332.0 ,Paralysis agitans,Diseases of the nervous system,14972,506,2.1,4.209829e-47,1.91,2.3
822.0 ,Closed fracture of patella,Injury and poisoning,1380,48,2.1,0.0000048443872,1.54,2.81
458.0 ,Orthostatic hypotension,Diseases of the circulatory system,1213,42,2.09,0.000026561,1.5,2.85
879.8 ,Open wound(s) (multiple) of unspecified...,Injury and poisoning,9524,325,2.09,2.908638e-31,1.87,2.35
353.8 ,Other nerve root and plexus disorders,Diseases of the nervous system,1049,36,2.07,0.0000952645,1.44,2.89
290.0 ,"Senile dementia, uncomplicated",Mental disorders,13183,442,2.07,2.876564e-40,1.87,2.28
721.42 ,"Spondylosis with myelopathy, lumbar...",Diseases of the musculoskeletal...,12811,429,2.07,4.330858e-39,1.87,2.28
722.71 ,Intervertebral disc disorder with...,Diseases of the musculoskeletal...,1195,41,2.07,0.000038247,1.48,2.83
346.1 ,Common migraine,Diseases of the nervous system,2317,79,2.06,0.000000015242212,1.63,2.58
797 ,Senility without mention of psychosis,"Comorbidities, signs, and ill-defined...",1147,39,2.05,0.0000724642,1.45,2.83
307.40 ,"Nonorganic sleep disorder, unspecified",Mental disorders,5049,170,2.05,1.905332e-16,1.74,2.39
945.00 ,Burn of unspecified degree of...,Injury and poisoning,1186,40,2.04,0.0000603277,1.45,2.79
805 ,Fracture of vertebral column without...,Injury and poisoning,1299,44,2.04,0.0000209749,1.48,2.76
848.0 ,Sprain of septal cartilage of...,Injury and poisoning,1361,46,2.04,0.000018505,1.49,2.74
958.3 ,Posttraumatic wound infection...,Injury and poisoning,10251,340,2.03,2.499554e-30,1.82,2.27
693 ,Dermatitis due to substances taken...,Diseases of the skin and subcutaneous...,1102,37,2.03,0.0001398979,1.42,2.81
276.5 ,Volume depletion,"Endocrine, nutritional and metabolic...",4207,141,2.03,0.0000000000001110788,1.7,2.41
276.8 ,Hypopotassemia,"Endocrine, nutritional and metabolic...",3282,110,2.03,0.00000000006013422,1.66,2.46
692.1 ,Contact dermatitis and other eczema...,Diseases of the skin and subcutaneous...,1619,54,2.01,0.0000042561703,1.5,2.64
876.0 ,"Open wound of back, without mention...",Injury and poisoning,1081,36,2.01,0.0001963818,1.4,2.8
716.98 ,"Arthropathy, unspecified, other...",Diseases of the musculoskeletal...,3530,117,2.01,0.00000000002176871,1.65,2.42
597.8 ,Other urethritis,Diseases of the genitourinary...,1177,39,2,0.0000979732,1.41,2.75
782.2 ,"Localized superficial swelling,...","Comorbidities, signs, and ill-defined...",1148,38,2,0.0001262074,1.4,2.76
786.00 ,"Respiratory abnormality, unspecified","Comorbidities, signs, and ill-defined...",4803,158,2,0.00000000000001519295,1.69,2.34
692.2 ,Contact dermatitis and other eczema...,Diseases of the skin and subcutaneous...,1055,35,2,0.0002649438,1.38,2.8
346 ,Migraine,Diseases of the nervous system,2242,74,1.99,0.00000015767859,1.56,2.52
715.09 ,"Osteoarthrosis, generalized, multiple...",Diseases of the musculoskeletal...,5909,193,1.99,3.696141e-17,1.71,2.3
294.1 ,Dementia in conditions classified...,Mental disorders,1880,62,1.99,0.0000014456699,1.52,2.57
348.3 ,"Encephalopathy, unspecified",Diseases of the nervous system,1036,34,1.98,0.0003768375,1.36,2.78
726.19 ,Other specified disorders of bursae...,Diseases of the musculoskeletal...,3664,119,1.97,0.00000000005165503,1.62,2.36
682.0 ,Cellulitis and abscess of face,Diseases of the skin and subcutaneous...,2785,91,1.97,0.0000000089709362,1.58,2.44
728.2 ,"Muscular wasting and disuse atrophy,...",Diseases of the musculoskeletal...,1566,51,1.96,0.0000185282,1.45,2.6
805.4 ,Closed fracture of lumbar vertebra...,Injury and poisoning,6120,197,1.96,8.425015e-17,1.69,2.26
843.9 ,Sprains and strains of unspecified...,Injury and poisoning,3485,113,1.96,0.000000000229132,1.61,2.37
728.9 ,"Unspecified disorder of muscle,...",Diseases of the musculoskeletal...,12421,395,1.95,1.632761e-31,1.76,2.16
251.2 ,"Hypoglycemia, unspecified","Endocrine, nutritional and metabolic...",2231,72,1.95,0.00000039033091,1.52,2.47
723.3 ,Cervicobrachial syndrome (diffuse),Diseases of the musculoskeletal...,1763,57,1.95,0.00000672871,1.47,2.54
781.2 ,Abnormality of gait,"Comorbidities, signs, and ill-defined...",1553,50,1.94,0.0000270728,1.43,2.57
813.41 ,Closed Colles' fracture,Injury and poisoning,1053,34,1.94,0.0004423246,1.34,2.74
482 ,Other bacterial pneumonia,Diseases of the respiratory system,1470,47,1.93,0.0000618726,1.41,2.58
844.9 ,Sprains and strains of unspecified...,Injury and poisoning,6919,220,1.93,4.076895e-18,1.68,2.22
715.26 ,"Osteoarthrosis, localized, secondary,...",Diseases of the musculoskeletal...,4746,151,1.93,0.0000000000008695132,1.63,2.27
342.9 ,"Hemiplegia, unspecified",Diseases of the nervous system,3806,121,1.92,0.0000000001745741,1.59,2.31
727.0 ,Synovitis and tenosynovitis,Diseases of the musculoskeletal...,7551,238,1.92,5.373056e-19,1.68,2.19
845.19 ,Other sprain of foot,Injury and poisoning,1068,34,1.92,0.0007368335,1.32,2.7
715.18 ,"Osteoarthrosis, localized, primary,...",Diseases of the musculoskeletal...,1824,58,1.92,0.0000097138919,1.45,2.49
263.9 ,Unspecified protein-calorie malnutrition,"Endocrine, nutritional and metabolic...",2513,80,1.92,0.00000015519981,1.52,2.4
435.1 ,Vertebral artery syndrome,Diseases of the circulatory system,4695,148,1.91,0.000000000002384022,1.61,2.25
715.30 ,"Osteoarthrosis, localized, not...",Diseases of the musculoskeletal...,5021,158,1.91,0.0000000000005016409,1.61,2.24
715.95 ,"Osteoarthrosis, unspecified whether...",Diseases of the musculoskeletal...,1040,33,1.91,0.0006792865,1.31,2.7
841.9 ,Sprains and strains of unspecified...,Injury and poisoning,1683,53,1.9,0.0000254452,1.41,2.5
443.89 ,Other specified peripheral vascular...,Diseases of the circulatory system,1112,35,1.89,0.0006236738,1.31,2.65
729.81 ,Swelling of limb,Diseases of the musculoskeletal...,1465,46,1.89,0.0000954951,1.38,2.54
041.9 ,"Bacterial infection, unspecified,...",Infectious and parasitic diseases,5645,176,1.89,0.00000000000006440402,1.61,2.2
787.0 ,Nausea and vomiting,"Comorbidities, signs, and ill-defined...",21090,643,1.89,2.907839e-45,1.74,2.05
716.66 ,"Unspecified monoarthritis, lower...",Diseases of the musculoskeletal...,3128,98,1.89,0.000000018348943,1.53,2.32
296 ,Disorganized type,Mental disorders,1625,51,1.89,0.0000420404,1.4,2.5
437.1 ,Other generalized ischemic cerebrovascular...,Diseases of the circulatory system,1798,56,1.88,0.0000206987,1.41,2.45
362.53 ,Cystoid macular degeneration,Diseases of the nervous system,1057,33,1.88,0.0010780599,1.28,2.66
372.39 ,Other conjunctivitis,Diseases of the nervous system,3374,105,1.88,0.0000000062421077,1.53,2.28
715.11 ,"Osteoarthrosis, localized, primary,...",Diseases of the musculoskeletal...,2184,68,1.88,0.000003722051,1.45,2.39
682 ,Other cellulitis and abscess,Diseases of the skin and subcutaneous...,5924,183,1.87,0.00000000000003676991,1.6,2.17
786.51 ,Precordial pain,"Comorbidities, signs, and ill-defined...",3625,112,1.87,0.0000000029728011,1.53,2.25
276.1 ,Hyposmolality and/or hyponatremia,"Endocrine, nutritional and metabolic...",2450,76,1.87,0.00000087774615,1.47,2.35
459.89 ,Other specified disorders of circulatory...,Diseases of the circulatory system,1589,49,1.86,0.0000836479,1.37,2.47
716.60 ,"Unspecified monoarthritis, site...",Diseases of the musculoskeletal...,2045,63,1.86,0.000009497262,1.42,2.39
296.90 ,Unspecified episodic mood disorder,Mental disorders,1976,61,1.86,0.0000147382,1.42,2.4
571.41 ,Chronic persistent hepatitis,Diseases of the digestive system,3599,111,1.86,0.0000000038721696,1.53,2.25
682.4 ,"Cellulitis and abscess of hand,...",Diseases of the skin and subcutaneous...,1497,46,1.85,0.0001706615,1.35,2.48
784.7 ,Epistaxis,"Comorbidities, signs, and ill-defined...",8555,260,1.85,1.077758e-18,1.62,2.09
786.59 ,Other chest pain,"Comorbidities, signs, and ill-defined...",12416,376,1.85,3.310345e-26,1.66,2.06
840.9 ,Sprains and strains of unspecified...,Injury and poisoning,5648,173,1.85,0.000000000000347178,1.58,2.16
726.2 ,"Other affections of shoulder region,...",Diseases of the musculoskeletal...,1338,41,1.84,0.0003922344,1.32,2.52
353.2 ,"Cervical root lesions, not elsewhere...",Diseases of the nervous system,5152,157,1.84,0.000000000007260422,1.56,2.16
686 ,Other local infections of skin...,Diseases of the skin and subcutaneous...,6162,187,1.84,0.0000000000001135943,1.58,2.13
719.45 ,"Pain in joint, pelvic region and...",Diseases of the musculoskeletal...,2745,84,1.84,0.0000005032033,1.46,2.29
354.5 ,Mononeuritis multiplex,Diseases of the nervous system,1150,35,1.83,0.0011736757,1.27,2.56
727.09 ,Other synovitis and tenosynovitis,Diseases of the musculoskeletal...,3130,95,1.83,0.00000010133301,1.47,2.25
784.0 ,Headache,"Comorbidities, signs, and ill-defined...",104862,2767,1.83,1.95659e-139,1.75,1.92
713.5 ,Arthropathy associated with neurological...,Diseases of the musculoskeletal...,1313,40,1.83,0.000520479,1.3,2.51
298.9 ,Unspecified psychosis,Mental disorders,1969,60,1.83,0.0000216653,1.39,2.37
786.1 ,Stridor,"Comorbidities, signs, and ill-defined...",3483,105,1.82,0.000000033664929,1.48,2.21
492.0 ,Emphysematous bleb,Diseases of the respiratory system,2442,74,1.82,0.0000028271267,1.43,2.3
372.71 ,Hyperemia of conjunctiva,Diseases of the nervous system,1588,48,1.82,0.0001802099,1.33,2.42
437.8 ,Other ill-defined cerebrovascular...,Diseases of the circulatory system,3200,96,1.81,0.00000019193102,1.46,2.22
780.4 ,Dizziness and giddiness,"Comorbidities, signs, and ill-defined...",168245,4078,1.81,1.93675e-165,1.74,1.89
715.89 ,"Osteoarthrosis involving, or with...",Diseases of the musculoskeletal...,1526,46,1.81,0.0002949612,1.32,2.43
959.9 ,Unspecified site injury,Injury and poisoning,2102,63,1.8,0.0000198456,1.38,2.32
366.15 ,Cortical senile cataract,Diseases of the nervous system,2543,76,1.8,0.0000043799946,1.41,2.26
723.1 ,Cervicalgia,Diseases of the musculoskeletal...,14569,428,1.8,4.568345e-27,1.63,1.99
820.21 ,Closed fracture of intertrochanteric...,Injury and poisoning,2352,70,1.79,0.000009017797,1.39,2.27
919.1 ,"Abrasion or friction burn of other,...",Injury and poisoning,1274,38,1.79,0.0009856528,1.26,2.48
733.01 ,Senile osteoporosis,Diseases of the musculoskeletal...,7604,223,1.78,0.00000000000001201449,1.55,2.03
733.42 ,Aseptic necrosis of head and neck...,Diseases of the musculoskeletal...,1217,36,1.78,0.0016325225,1.24,2.48
805.8 ,Closed fracture of unspecified...,Injury and poisoning,1791,53,1.78,0.0001436853,1.33,2.34
715.38 ,"Osteoarthrosis, localized, not...",Diseases of the musculoskeletal...,2675,79,1.78,0.0000037086405,1.4,2.23
682.6 ,"Cellulitis and abscess of leg,...",Diseases of the skin and subcutaneous...,8260,241,1.77,0.000000000000002139849,1.55,2.01
682.8 ,Cellulitis and abscess of other...,Diseases of the skin and subcutaneous...,4363,128,1.77,0.000000005696674,1.47,2.11
300.4 ,Dysthymic disorder,Mental disorders,19808,570,1.77,1.310492e-33,1.62,1.93
786.9 ,Other symptoms involving respiratory...,"Comorbidities, signs, and ill-defined...",2184,64,1.76,0.0000391823,1.35,2.26
713.8 ,Arthropathy associated with other...,Diseases of the musculoskeletal...,1160,34,1.76,0.0027197147,1.21,2.48
721 ,Spondylosis and allied disorders,Diseases of the musculoskeletal...,8008,233,1.76,0.000000000000007004945,1.54,2.01
728 ,"Disorders of muscle, ligament,...",Diseases of the musculoskeletal...,8895,257,1.75,7.360319e-16,1.54,1.99
998.5 ,Postoperative infection,Injury and poisoning,4141,120,1.75,0.000000029728071,1.44,2.1
491.1 ,Mucopurulent chronic bronchitis,Diseases of the respiratory system,10993,317,1.75,3.245518e-19,1.56,1.97
386.0 ,Meniere's disease,Diseases of the nervous system,5094,148,1.75,0.0000000007120122,1.48,2.07
434.1 ,Cerebral embolism,Diseases of the circulatory system,8376,240,1.74,0.00000000000001393352,1.52,1.98
726.60 ,"Enthesopathy of knee, unspecified",Diseases of the musculoskeletal...,1937,56,1.74,0.0001822022,1.31,2.27
438 ,Late effects of cerebrovascular...,Diseases of the circulatory system,41100,1134,1.74,6.421737e-59,1.64,1.86
455.9 ,Residual hemorrhoidal skin tags,Diseases of the circulatory system,1583,46,1.74,0.000562758,1.27,2.34
682.5 ,Cellulitis and abscess of buttock,Diseases of the skin and subcutaneous...,1101,32,1.74,0.0045167156,1.19,2.48
215.0 ,Other benign neoplasm of connective...,Neoplasms,1724,50,1.74,0.0003349494,1.29,2.31
386 ,Vertiginous syndromes and other...,Diseases of the nervous system,12078,346,1.74,2.438198e-20,1.56,1.95
300.09 ,Other anxiety states,Mental disorders,4968,143,1.74,0.0000000025170394,1.46,2.05
346.9 ,"Migraine, unspecified",Diseases of the nervous system,7758,222,1.73,0.0000000000001691582,1.51,1.98
726.12 ,Bicipital tenosynovitis,Diseases of the musculoskeletal...,1420,41,1.73,0.0012596403,1.24,2.37
727 ,"Other disorders of synovium tendon,...",Diseases of the musculoskeletal...,3310,95,1.73,0.0000013116677,1.39,2.12
728.85 ,Spasm of muscle,Diseases of the musculoskeletal...,4328,124,1.73,0.000000040681347,1.43,2.07
780.59 ,Other sleep disturbances,"Comorbidities, signs, and ill-defined...",4888,140,1.73,0.0000000052260107,1.45,2.05
707.8 ,Chronic ulcer of other specified...,Diseases of the skin and subcutaneous...,1212,35,1.73,0.0024800501,1.2,2.43
523.0 ,Acute gingivitis,Diseases of the digestive system,5137,147,1.73,0.0000000023500522,1.45,2.04
386.9 ,Unspecified vertiginous syndromes...,Diseases of the nervous system,21813,613,1.73,2.170741e-33,1.59,1.88
355.0 ,Lesion of sciatic nerve,Diseases of the nervous system,2755,79,1.72,0.0000105563,1.36,2.16
780.50 ,"Sleep disturbance, unspecified","Comorbidities, signs, and ill-defined...",22141,618,1.72,8.482813e-33,1.58,1.87
300.02 ,Generalized anxiety disorder,Mental disorders,6488,185,1.72,0.00000000002335756,1.48,2
427.32 ,Atrial flutter,Diseases of the circulatory system,1044,30,1.72,0.0054218606,1.16,2.48
723.8 ,Other syndromes affecting cervical...,Diseases of the musculoskeletal...,1219,35,1.72,0.003476068,1.19,2.41
728.0 ,Infective myositis,Diseases of the musculoskeletal...,1088,31,1.71,0.0062229825,1.15,2.44
596.5 ,Other functional disorders of...,Diseases of the genitourinary...,8526,241,1.71,0.00000000000006192179,1.5,1.95
597.89 ,Other urethritis,Diseases of the genitourinary...,2566,73,1.71,0.0000295629,1.33,2.16
788.1 ,Dysuria,"Comorbidities, signs, and ill-defined...",13555,381,1.71,5.026556e-21,1.54,1.9
715.10 ,"Osteoarthrosis, localized, primary,...",Diseases of the musculoskeletal...,4747,135,1.71,0.000000012719902,1.43,2.04
721.1 ,Cervical spondylosis with myelopathy,Diseases of the musculoskeletal...,7444,211,1.71,0.000000000001608073,1.48,1.97
588.8 ,Secondary hyperparathyroidism...,Diseases of the genitourinary...,1876,53,1.7,0.0004218588,1.26,2.23
995.3 ,"Allergy, unspecified, not elsewhere...",Injury and poisoning,7080,199,1.7,0.00000000001299084,1.46,1.96
780.5 ,Sleep disturbance,"Comorbidities, signs, and ill-defined...",23267,643,1.7,5.799913e-33,1.57,1.85
041.8 ,Other specified bacterial infections,Infectious and parasitic diseases,1338,38,1.7,0.0026849401,1.2,2.35
781.9 ,Other symptoms involving nervous...,"Comorbidities, signs, and ill-defined...",6323,178,1.7,0.0000000001388364,1.45,1.98
785.1 ,Palpitations,"Comorbidities, signs, and ill-defined...",23853,659,1.7,7.710732e-34,1.57,1.85
531.7 ,"Gastric ulcer, chronic without...",Diseases of the digestive system,1237,35,1.7,0.003801332,1.18,2.37
261 ,Nutritional marasmus,"Endocrine, nutritional and metabolic...",1057,30,1.7,0.0079154028,1.14,2.45
307.81 ,Tension headache,Mental disorders,12194,341,1.7,1.394084e-18,1.52,1.9
435 ,Transient cerebral ischemia,Diseases of the circulatory system,2164,61,1.69,0.0001554483,1.29,2.18
729.5 ,Pain in limb,Diseases of the musculoskeletal...,10208,284,1.69,0.000000000000001815667,1.49,1.9
786.8 ,Hiccough,"Comorbidities, signs, and ill-defined...",2025,57,1.69,0.0002633275,1.27,2.2
386.00 ,"Minihre's disease, unspecified",Diseases of the nervous system,21081,580,1.69,2.459225e-29,1.55,1.84
290.10 ,"Presenile dementia, uncomplicated",Mental disorders,1245,35,1.69,0.0039971874,1.17,2.36
459.9 ,Unspecified circulatory system...,Diseases of the circulatory system,3477,97,1.68,0.0000033196118,1.35,2.05
780.6 ,Fever,"Comorbidities, signs, and ill-defined...",46305,1228,1.68,3.054459e-55,1.58,1.78
476.0 ,Chronic laryngitis,Diseases of the respiratory system,1893,53,1.68,0.0004677685,1.25,2.21
686.8 ,Other specified local infections...,Diseases of the skin and subcutaneous...,20756,568,1.68,3.98524e-28,1.54,1.83
788.6 ,Other abnormality of urination,"Comorbidities, signs, and ill-defined...",1285,36,1.68,0.004460504,1.17,2.34
789.9 ,Other symptoms involving abdomen...,"Comorbidities, signs, and ill-defined...",1429,40,1.68,0.0026466221,1.19,2.3
386.19 ,Other peripheral vertigo,Diseases of the nervous system,3074,86,1.68,0.0000117672,1.34,2.09
435.0 ,Basilar artery syndrome,Diseases of the circulatory system,4761,132,1.67,0.000000091526518,1.39,1.99
595.2 ,Other chronic cystitis,Diseases of the genitourinary...,1325,37,1.67,0.0036970079,1.17,2.32
995.2 ,Unspecified adverse effect od...,Injury and poisoning,2234,62,1.67,0.0002666827,1.27,2.15
133.0 ,Scabies,Infectious and parasitic diseases,8719,241,1.67,0.0000000000005749313,1.46,1.9
787.2 ,Dysphagia,"Comorbidities, signs, and ill-defined...",2588,72,1.67,0.0000635962,1.3,2.11
493.11 ,Intrinsic asthma with status asthmaticus,Diseases of the respiratory system,1976,55,1.67,0.0004381473,1.25,2.18
528 ,"Disease of the oral soft tissues,...",Diseases of the digestive system,1221,34,1.67,0.0052216841,1.15,2.35
386.10 ,"Peripheral vertigo, unspecified",Diseases of the nervous system,11510,316,1.67,2.524355e-16,1.48,1.87
386.2 ,Vertigo of central origin,Diseases of the nervous system,11083,306,1.67,4.338796e-16,1.49,1.88
719.44 ,"Pain in joint, hand",Diseases of the musculoskeletal...,2081,58,1.67,0.0003149651,1.26,2.17
721.0 ,Cervical spondylosis without myelopathy,Diseases of the musculoskeletal...,21080,573,1.67,1.00175e-27,1.53,1.82
723.9 ,Unspecified musculoskeletal disorders...,Diseases of the musculoskeletal...,1290,36,1.67,0.0045532539,1.17,2.33
682.7 ,"Cellulitis and abscess of foot,...",Diseases of the skin and subcutaneous...,4469,123,1.66,0.00000033879742,1.37,1.98
476.1 ,Chronic laryngotracheitis,Diseases of the respiratory system,2064,57,1.66,0.0004220565,1.25,2.16
110.8 ,Dermatophytosis of other specified...,Infectious and parasitic diseases,1587,44,1.66,0.0017123271,1.2,2.24
787.7 ,Abnormal feces,"Comorbidities, signs, and ill-defined...",3447,95,1.66,0.0000077947408,1.33,2.03
788.3 ,Incontinence of urine,"Comorbidities, signs, and ill-defined...",13479,368,1.66,2.187977e-18,1.49,1.85
521.0 ,Dental caries,Diseases of the digestive system,1191,33,1.66,0.006559354,1.14,2.35
715 ,Osteoarthrosis and allied disorders,Diseases of the musculoskeletal...,20359,550,1.66,4.42505e-26,1.51,1.81
355.9 ,Mononeuritis of unspecified site,Diseases of the nervous system,2393,66,1.65,0.0001698408,1.27,2.12
605 ,Redundant prepuce and phimosis,Diseases of the genitourinary...,1052,29,1.65,0.0113719551,1.1,2.39
785.6 ,Enlargement of lymph nodes,"Comorbidities, signs, and ill-defined...",1052,29,1.65,0.0113719551,1.1,2.39
111.8 ,Other specified dermatomycoses,Infectious and parasitic diseases,1597,44,1.65,0.0023772727,1.19,2.23
555.2 ,Regional enteritis of small intestine...,Diseases of the digestive system,1704,47,1.65,0.0013151194,1.21,2.21
573.9 ,Unspecified disorder of liver,Diseases of the digestive system,4237,116,1.65,0.0000010799446,1.35,1.98
726.10 ,Disorders of bursae and tendons...,Diseases of the musculoskeletal...,4483,122,1.64,0.00000065729252,1.35,1.96
599.9 ,Unspecified disorder of urethra...,Diseases of the genitourinary...,6181,168,1.64,0.0000000053506928,1.39,1.91
601.0 ,Acute prostatitis,Diseases of the genitourinary...,3111,85,1.64,0.000026119,1.3,2.04
611.1 ,Hypertrophy of breast,Diseases of the genitourinary...,1058,29,1.64,0.011791371,1.09,2.37
681.11 ,Onychia and paronychia of toe,Diseases of the skin and subcutaneous...,2559,70,1.64,0.0001491635,1.27,2.08
482.9 ,"Bacterial pneumonia, unspecified",Diseases of the respiratory system,4979,136,1.64,0.00000013016876,1.37,1.95
715.15 ,"Osteoarthrosis, localized, primary,...",Diseases of the musculoskeletal...,3293,90,1.64,0.0000171471,1.31,2.03
716.10 ,"Traumatic arthropathy, site unspecified",Diseases of the musculoskeletal...,2193,60,1.64,0.0004457299,1.25,2.12
537.89 ,Other specified disorders of stomach...,Diseases of the digestive system,1239,34,1.64,0.0075551557,1.13,2.31
719.49 ,"Pain in joint, multiple sites",Diseases of the musculoskeletal...,7750,211,1.64,0.00000000005373464,1.42,1.89
436 ,"Acute, but ill-defined, cerebrovascular...",Diseases of the circulatory system,28369,747,1.63,5.190254e-32,1.5,1.75
845.09 ,Other sprains and strains of ankle,Injury and poisoning,1910,52,1.63,0.0012604017,1.21,2.15
719.89 ,"Other specified disorders of joint,...",Diseases of the musculoskeletal...,1068,29,1.63,0.0164552862,1.08,2.35
434 ,Occlusion of cerebral arteries,Diseases of the circulatory system,11690,313,1.62,0.000000000000008272705,1.44,1.82
532.40 ,Chronic or unspecified duodenal...,Diseases of the digestive system,1700,46,1.62,0.0024003857,1.18,2.17
718.40 ,"Contracture of joint, site unspecified",Diseases of the musculoskeletal...,2108,57,1.62,0.000886088,1.22,2.11
434.9 ,"Cerebral artery occlusion, unspecified",Diseases of the circulatory system,40753,1049,1.61,2.019626e-41,1.5,1.72
353.1 ,Lumbosacral plexus lesions,Diseases of the nervous system,1892,51,1.61,0.0016373512,1.2,2.13
010.90 ,"Primary tuberculous infection,...",Infectious and parasitic diseases,1151,31,1.61,0.0153363057,1.09,2.3
780.3 ,Convulsions,"Comorbidities, signs, and ill-defined...",3457,93,1.61,0.0000206842,1.3,1.99
799.8 ,Other ill-defined conditions,"Comorbidities, signs, and ill-defined...",3471,93,1.61,0.0000283474,1.29,1.98
524.60 ,"Temporomandibular joint disorders,...",Diseases of the digestive system,1152,31,1.61,0.0153748718,1.09,2.3
719.48 ,"Pain in joint, other specified...",Diseases of the musculoskeletal...,3510,94,1.61,0.0000235976,1.29,1.98
726.8 ,Other peripheral enthesopathies,Diseases of the musculoskeletal...,1311,35,1.6,0.0095534722,1.11,2.24
111.0 ,Pityriasis versicolor,Infectious and parasitic diseases,2770,74,1.6,0.0002010384,1.25,2.02
518.89 ,"Other diseases of lung, not elsewhere...",Diseases of the respiratory system,1383,37,1.6,0.0084898962,1.12,2.22
388.31 ,Subjective tinnitus,Diseases of the nervous system,1800,48,1.6,0.0024077478,1.17,2.13
300.9 ,Unspecified nonpsychotic mental...,Mental disorders,29669,770,1.6,3.373423e-31,1.48,1.73
726.9 ,Unspecified enthesopathy,Diseases of the musculoskeletal...,3464,92,1.59,0.0000378095,1.28,1.96
353.4 ,"Lumbosacral root lesions, not...",Diseases of the nervous system,6201,164,1.59,0.000000056838128,1.35,1.86
357.2 ,Polyneuropathy in diabetes,Diseases of the nervous system,4525,120,1.59,0.0000031938145,1.32,1.91
729.2 ,"Neuralgia, neuritis, and radiculitis,...",Diseases of the musculoskeletal...,48930,1240,1.59,3.245767e-46,1.5,1.69
530 ,Diseases of esophagus,Diseases of the digestive system,1241,33,1.59,0.0144819515,1.09,2.25
531.40 ,Chronic or unspecified gastric...,Diseases of the digestive system,2494,66,1.59,0.0005674342,1.22,2.03
718.4 ,Contracture of joint,Diseases of the musculoskeletal...,1207,32,1.59,0.0135217136,1.08,2.25
290.2 ,Senile dementia with delusional...,Mental disorders,1207,32,1.59,0.0135217136,1.08,2.25
728.89 ,"Other disorders of muscle, ligament,...",Diseases of the musculoskeletal...,6055,159,1.58,0.0000001234484,1.34,1.85
780.7 ,Malaise and fatigue,"Comorbidities, signs, and ill-defined...",43946,1108,1.58,4.378256e-40,1.48,1.68
782.3 ,Edema,"Comorbidities, signs, and ill-defined...",44442,1122,1.58,6.358279e-41,1.48,1.68
523.9 ,Unspecified gingival and periodontal...,Diseases of the digestive system,5209,137,1.58,0.00000080219743,1.32,1.88
715.3 ,"Osteoarthrosis, localized, not...",Diseases of the musculoskeletal...,4916,129,1.58,0.0000020587451,1.31,1.88
570 ,Acute and subacute necrosis of...,Diseases of the digestive system,1096,29,1.58,0.0185770327,1.05,2.29
723.0 ,Spinal stenosis in cervical region,Diseases of the musculoskeletal...,3264,86,1.58,0.0000948099,1.26,1.96
437.9 ,Unspecified cerebrovascular disease,Diseases of the circulatory system,24476,629,1.57,2.015331e-24,1.45,1.71
355.8 ,"Mononeuritis of lower limb, unspecified",Diseases of the nervous system,1143,30,1.57,0.020664326,1.05,2.26
733.1 ,Pathological fracture,Diseases of the musculoskeletal...,2290,60,1.57,0.0011087529,1.19,2.03
608.9 ,Unspecified disorder of male genital...,Diseases of the genitourinary...,1830,48,1.57,0.0034857466,1.15,2.09
784 ,Symptoms involving head and neck,"Comorbidities, signs, and ill-defined...",1901,50,1.57,0.0030699731,1.16,2.09
785.0 ,"Tachycardia, unspecified","Comorbidities, signs, and ill-defined...",2214,58,1.57,0.0015849713,1.19,2.04
787.9 ,Other symptoms involving digestive...,"Comorbidities, signs, and ill-defined...",6335,165,1.57,0.00000013570364,1.33,1.83
708.1 ,Idiopathic urticaria,Diseases of the skin and subcutaneous...,2249,59,1.57,0.0013035924,1.19,2.04
709.8 ,Other specified disorders of skin,Diseases of the skin and subcutaneous...,5925,155,1.57,0.00000021087254,1.33,1.85
285.8 ,Other specified anemias,Diseases of the blood and blood-forming...,1106,29,1.57,0.0252804589,1.04,2.27
724 ,Other and unspecified disorders...,Diseases of the musculoskeletal...,5247,137,1.57,0.0000011643424,1.31,1.86
351.0 ,Bell's palsy,Diseases of the nervous system,2489,65,1.56,0.00076715,1.2,2
682.3 ,Cellulitis and abscess of upper...,Diseases of the skin and subcutaneous...,1606,42,1.56,0.0063941822,1.12,2.13
799.4 ,Cachexia,"Comorbidities, signs, and ill-defined...",1345,35,1.56,0.0142241556,1.08,2.18
528.0 ,Stomatitis,Diseases of the digestive system,12286,316,1.56,0.0000000000008863451,1.38,1.74
847.2 ,Sprain of lumbar,Injury and poisoning,15209,391,1.56,0.000000000000001478404,1.4,1.73
388.01 ,Presbyacusis,Diseases of the nervous system,1766,46,1.56,0.0052450666,1.14,2.09
715.98 ,"Osteoarthrosis, unspecified whether...",Diseases of the musculoskeletal...,5219,136,1.56,0.0000014282557,1.31,1.86
722.52 ,Degeneration of lumbar or lumbosacral...,Diseases of the musculoskeletal...,1577,41,1.56,0.0079318038,1.11,2.12
726.11 ,Calcifying tendinitis of shoulder,Diseases of the musculoskeletal...,1312,34,1.55,0.0174976615,1.07,2.18
726.71 ,Achilles bursitis or tendinitis,Diseases of the musculoskeletal...,1156,30,1.55,0.0218522306,1.04,2.23
590.9 ,"Infection of kidney, unspecified",Diseases of the genitourinary...,2007,52,1.55,0.0030523686,1.15,2.04
727.89 ,"Other disorders of synovium, tendon,...",Diseases of the musculoskeletal...,1350,35,1.55,0.0145024086,1.07,2.17
727.9 ,"Unspecified disorder of synovium,...",Diseases of the musculoskeletal...,2392,62,1.55,0.0013843601,1.18,2
729.4 ,"Fasciitis, unspecified",Diseases of the musculoskeletal...,37893,947,1.55,9.81026e-33,1.45,1.66
225.0 ,Benign neoplasm of brain,Neoplasms,1430,37,1.55,0.0130916582,1.08,2.15
820.8 ,Closed fracture of unspecified...,Injury and poisoning,3017,78,1.55,0.0003708276,1.22,1.94
239.2 ,Neoplasm of unspecified nature...,Neoplasms,1656,43,1.55,0.0071470243,1.12,2.1
250.90 ,"Diabetes with unspecified complication,...","Endocrine, nutritional and metabolic...",27267,690,1.55,3.718679e-25,1.43,1.68
715.31 ,"Osteoarthrosis, localized, not...",Diseases of the musculoskeletal...,2164,56,1.55,0.0024788923,1.16,2.02
560.81 ,Intestinal or peritoneal adhesions...,Diseases of the digestive system,1353,35,1.55,0.0146843661,1.07,2.16
727.06 ,Tenosynovitis of foot and ankle,Diseases of the musculoskeletal...,1590,41,1.54,0.0107809396,1.1,2.1
733.0 ,Osteoporosis,Diseases of the musculoskeletal...,10245,261,1.54,0.0000000001917285,1.35,1.74
009 ,Ill-defined intestinal infections,Infectious and parasitic diseases,2529,65,1.54,0.0011260546,1.18,1.97
786.50 ,"Chest pain, unspecified","Comorbidities, signs, and ill-defined...",35588,886,1.54,4.741104e-30,1.43,1.65
371.00 ,"Corneal opacity, unspecified",Diseases of the nervous system,2298,59,1.54,0.0019820923,1.16,1.99
300.89 ,Other somatoform disorders,Mental disorders,3508,90,1.54,0.0001672482,1.23,1.9
722.0 ,Displacement of cervical intervertebral...,Diseases of the musculoskeletal...,4283,110,1.54,0.000028565,1.26,1.86
346.0 ,Classical migraine,Diseases of the nervous system,1052,27,1.53,0.0402072838,1.01,2.25
434.0 ,Cerebral thrombosis,Diseases of the circulatory system,16872,425,1.53,0.000000000000001862252,1.38,1.69
357.4 ,Polyneuropathy in other diseases...,Diseases of the nervous system,3875,99,1.53,0.0000978411,1.24,1.87
780.52 ,"Insomnia, unspecified","Comorbidities, signs, and ill-defined...",68761,1651,1.53,3.9067e-49,1.45,1.61
681.00 ,"Cellulitis and abscess of finger,...",Diseases of the skin and subcutaneous...,2267,58,1.53,0.0024125705,1.16,1.99
682.2 ,Cellulitis and abscess of trunk,Diseases of the skin and subcutaneous...,1723,44,1.53,0.0084271782,1.1,2.06
787.3 ,"Flatulence, eructation, and gas...","Comorbidities, signs, and ill-defined...",28122,702,1.53,4.718591e-24,1.41,1.66
487.0 ,Influenza with pneumonia,Diseases of the respiratory system,2700,69,1.53,0.0009512677,1.19,1.94
788.4 ,Frequency of urination and polyuria,"Comorbidities, signs, and ill-defined...",20439,515,1.53,1.675125e-18,1.4,1.68
493.21 ,Chronic obstructive asthma with...,Diseases of the respiratory system,7257,185,1.53,0.000000092780317,1.32,1.78
708.0 ,Allergic urticaria,Diseases of the skin and subcutaneous...,16868,425,1.53,0.000000000000001841438,1.38,1.69
250.80 ,Diabetes with other specified...,"Endocrine, nutritional and metabolic...",3488,89,1.53,0.000209421,1.22,1.89
532.00 ,"Acute duodenal ulcer with hemorrhage,...",Diseases of the digestive system,2983,76,1.53,0.0005980427,1.2,1.92
564.0 ,Constipation,Diseases of the digestive system,142886,3222,1.53,7.478315e-79,1.47,1.6
571.9 ,Unspecified chronic liver disease...,Diseases of the digestive system,8755,222,1.53,0.0000000070050181,1.33,1.75
574.00 ,Calculus of gallbladder with acute...,Diseases of the digestive system,2288,58,1.52,0.0032666974,1.15,1.97
464.30 ,Acute epiglottitis without mention...,Diseases of the respiratory system,1375,35,1.52,0.0203585138,1.05,2.13
681.02 ,Onychia and paronychia of finger,Diseases of the skin and subcutaneous...,1655,42,1.52,0.0124729461,1.09,2.06
691.8 ,Other atopic dermatitis and related...,Diseases of the skin and subcutaneous...,19047,477,1.52,8.095629e-17,1.38,1.67
483 ,Pneumonia due to other specified...,Diseases of the respiratory system,1457,37,1.52,0.0184681384,1.06,2.1
386.1 ,Other and unspecified peripheral...,Diseases of the nervous system,5872,149,1.52,0.0000020211302,1.28,1.79
719.88 ,"Other specified disorders of joint,...",Diseases of the musculoskeletal...,1499,38,1.52,0.0155360734,1.07,2.09
427.69 ,Other premature beats,Diseases of the circulatory system,1573,40,1.52,0.0137283583,1.08,2.08
588.9 ,Unspecified disorder resulting...,Diseases of the genitourinary...,6677,168,1.51,0.00000078447877,1.29,1.76
053.10 ,Herpes zoster with unspecified...,Infectious and parasitic diseases,1697,43,1.51,0.0104849074,1.09,2.05
250.7 ,Diabetes with peripheral circulatory...,"Endocrine, nutritional and metabolic...",2258,57,1.51,0.003994448,1.14,1.97
531.30 ,Acute gastric ulcer without mention...,Diseases of the digestive system,7108,179,1.51,0.00000031554748,1.3,1.76
847.9 ,Sprain of unspecified site of...,Injury and poisoning,2813,71,1.51,0.0011925241,1.17,1.91
386.12 ,Vestibular neuronitis,Diseases of the nervous system,10860,272,1.51,0.0000000004712564,1.33,1.71
721.4 ,Thoracic or lumbar spondylosis...,Diseases of the musculoskeletal...,2768,70,1.51,0.0014012184,1.18,1.92
723.4 ,"Brachial neuritis or radiculitis,...",Diseases of the musculoskeletal...,3568,90,1.51,0.0002530578,1.21,1.86
427.89 ,Other specified cardiac dysrhythmias,Diseases of the circulatory system,8511,212,1.5,0.000000065564463,1.3,1.72
451.9 ,Phlebitis and thrombophlebitis...,Diseases of the circulatory system,1154,29,1.5,0.0384080494,1,2.17
367.53 ,Spasm of accommodation,Diseases of the nervous system,2319,58,1.5,0.0045114938,1.13,1.94
682.9 ,Cellulitis and abscess of unspecified...,Diseases of the skin and subcutaneous...,38581,936,1.5,3.562009e-28,1.4,1.6
173.9 ,Unspecified malignant neoplasm...,Neoplasms,1196,30,1.5,0.0325909241,1.01,2.15
529.0 ,Glossitis,Diseases of the digestive system,1916,48,1.5,0.0096269671,1.1,2
250.9 ,Diabetes with unspecified complication,"Endocrine, nutritional and metabolic...",6836,171,1.5,0.00000083609036,1.28,1.75
716.68 ,"Unspecified monoarthritis, other...",Diseases of the musculoskeletal...,1473,37,1.5,0.0193446208,1.05,2.08
719.46 ,"Pain in joint, lower leg",Diseases of the musculoskeletal...,12124,301,1.5,0.0000000001229471,1.33,1.68
555.9 ,Regional enteritis of unspecified...,Diseases of the digestive system,5263,132,1.5,0.0000127495,1.25,1.79
300 ,Neurotic disorders,Mental disorders,15446,382,1.5,0.0000000000006816856,1.35,1.66
564 ,"Functional digestive disorders,...",Diseases of the digestive system,28325,693,1.5,1.244563e-21,1.38,1.62
306.9 ,Unspecified psychophysiological...,Mental disorders,11923,297,1.5,0.0000000001111921,1.33,1.69
333.2 ,Myoclonus,Diseases of the nervous system,1165,29,1.49,0.0399130938,0.99,2.15
595 ,Cystitis,Diseases of the genitourinary...,6418,159,1.49,0.0000034544211,1.26,1.74
365.22 ,Acute angle-closure glaucoma,Diseases of the nervous system,1321,33,1.49,0.0314635265,1.02,2.11
035 ,Erysipelas,Infectious and parasitic diseases,1481,37,1.49,0.0199176377,1.05,2.07
680.2 ,Carbuncle and furuncle of trunk,Diseases of the skin and subcutaneous...,1163,29,1.49,0.0396138006,0.99,2.15
698.8 ,Other specified pruritic conditions,Diseases of the skin and subcutaneous...,10386,257,1.49,0.0000000036776013,1.31,1.69
707.0 ,Decubitus ulcer,Diseases of the skin and subcutaneous...,5185,129,1.49,0.0000230437,1.24,1.78
707.1 ,"Ulcer of lower limbs, except decubitus",Diseases of the skin and subcutaneous...,4496,112,1.49,0.0000929365,1.22,1.8
714.9 ,Unspecified inflammatory polyarthropathy,Diseases of the musculoskeletal...,2488,62,1.49,0.0029932178,1.14,1.92
715.16 ,"Osteoarthrosis, localized, primary,...",Diseases of the musculoskeletal...,26004,634,1.49,1.685109e-19,1.37,1.62
848 ,Other and ill-defined sprains...,Injury and poisoning,1483,37,1.49,0.0200750849,1.04,2.07
385.32 ,Cholesteatoma of middle ear,Diseases of the nervous system,1119,28,1.49,0.0468366271,0.99,2.17
287.5 ,"Thrombocytopenia, unspecified",Diseases of the blood and blood-forming...,1404,35,1.49,0.0284636777,1.03,2.08
573.3 ,"Hepatitis, unspecified",Diseases of the digestive system,8593,213,1.49,0.00000007629729,1.29,1.71
726.0 ,Adhesive capsulitis of shoulder,Diseases of the musculoskeletal...,19492,475,1.48,0.000000000000009012858,1.34,1.62
578.1 ,Blood in stool,Diseases of the digestive system,2914,72,1.48,0.0018753732,1.15,1.87
437.0 ,Cerebral atherosclerosis,Diseases of the circulatory system,14944,367,1.48,0.000000000003917272,1.33,1.65
447.6 ,"Arteritis, unspecified",Diseases of the circulatory system,4976,123,1.48,0.0000517301,1.23,1.77
607.1 ,Balanoposthitis,Diseases of the genitourinary...,3401,84,1.48,0.0008131041,1.17,1.84
786.0 ,Dyspnea and respiratory abnormalities,"Comorbidities, signs, and ill-defined...",5668,140,1.48,0.0000160273,1.24,1.75
137.1 ,Late effects of central nervous...,Infectious and parasitic diseases,2583,64,1.48,0.0034868993,1.14,1.9
789.0 ,Abdominal pain,"Comorbidities, signs, and ill-defined...",111539,2525,1.48,1.482297e-58,1.42,1.55
372.9 ,Unspecified disorder of conjunctiva,Diseases of the nervous system,4905,121,1.48,0.000059182,1.22,1.77
386.11 ,Benign paroxysmal positional vertigo,Diseases of the nervous system,7831,193,1.48,0.00000044343345,1.27,1.71
274.89 ,Gout with other specified manifestations,"Endocrine, nutritional and metabolic...",2349,58,1.48,0.004914285,1.12,1.92
277.2 ,Other disorders of purine and...,"Endocrine, nutritional and metabolic...",1131,28,1.48,0.048429793,0.98,2.15
535.01 ,"Acute gastritis, with hemorrhage",Diseases of the digestive system,1943,48,1.48,0.0103587274,1.08,1.97
719.41 ,"Pain in joint, shoulder region",Diseases of the musculoskeletal...,5553,137,1.48,0.0000210678,1.24,1.75
296.20 ,"Major depressive affective disorder,...",Mental disorders,2340,58,1.48,0.0047641381,1.12,1.92
560.1 ,Paralytic ileus,Diseases of the digestive system,4528,112,1.48,0.0001006828,1.22,1.79
724.2 ,Lumbago,Diseases of the musculoskeletal...,108709,2453,1.47,2.204347e-55,1.4,1.54
724.3 ,Sciatica,Diseases of the musculoskeletal...,46609,1106,1.47,6.751312e-30,1.38,1.57
454.1 ,Varicose veins of lower extremities...,Diseases of the circulatory system,1750,43,1.47,0.0195626706,1.06,1.99
989.5 ,Toxic effect of venom,Injury and poisoning,1951,48,1.47,0.0132751077,1.08,1.96
379.31 ,Aphakia,Diseases of the nervous system,3713,91,1.47,0.0006761046,1.18,1.81
533.70 ,Chronic peptic ulcer of unspecified...,Diseases of the digestive system,14364,349,1.47,0.00000000004694086,1.31,1.63
716 ,Other and unspecified arthropathies,Diseases of the musculoskeletal...,5342,131,1.47,0.0000384302,1.22,1.75
716.59 ,Unspecified polyarthropathy or...,Diseases of the musculoskeletal...,2311,57,1.47,0.0057827915,1.11,1.92
719.4 ,Pain in joint,Diseases of the musculoskeletal...,11966,292,1.47,0.0000000012206533,1.3,1.65
721.3 ,Lumbosacral spondylosis without...,Diseases of the musculoskeletal...,61767,1448,1.47,1.912217e-37,1.39,1.56
307.41 ,Transient disorder of initiating...,Mental disorders,4351,107,1.47,0.0001893875,1.2,1.79
722.93 ,"Other and unspecified disc disorder,...",Diseases of the musculoskeletal...,3500,86,1.47,0.0007728942,1.17,1.82
931 ,Foreign body in ear,Injury and poisoning,1805,44,1.46,0.017174802,1.05,1.96
362.11 ,Hypertensive retinopathy,Diseases of the nervous system,1388,34,1.46,0.0360352005,1.01,2.06
598.9 ,"Urethral stricture, unspecified",Diseases of the genitourinary...,2543,62,1.46,0.0053275495,1.11,1.88
691 ,Atopic dermatitis and related...,Diseases of the skin and subcutaneous...,3281,80,1.46,0.0017035554,1.15,1.82
786.5 ,Chest pain,"Comorbidities, signs, and ill-defined...",16487,399,1.46,0.000000000003478958,1.32,1.62
692.89 ,Contact dermatitis and other eczema...,Diseases of the skin and subcutaneous...,14561,353,1.46,0.00000000004994144,1.31,1.63
493.20 ,"Chronic obstructive asthma, unspecified",Diseases of the respiratory system,14334,347,1.46,0.00000000008611565,1.31,1.63
216.8 ,Benign neoplasm of other specified...,Neoplasms,1598,39,1.46,0.0248841234,1.03,2
715.00 ,"Osteoarthrosis, generalized, site...",Diseases of the musculoskeletal...,12217,297,1.46,0.0000000014093746,1.3,1.65
531.00 ,"Acute gastric ulcer with hemorrhage,...",Diseases of the digestive system,3812,93,1.46,0.0006360351,1.17,1.8
715.36 ,"Osteoarthrosis, localized, not...",Diseases of the musculoskeletal...,34145,814,1.46,2.281221e-22,1.36,1.57
536.8 ,Dyspepsia and other specified...,Diseases of the digestive system,69814,1618,1.46,1.000441e-39,1.39,1.55
724.0 ,"Spinal stenosis, other than cervical",Diseases of the musculoskeletal...,2463,60,1.46,0.0059543944,1.11,1.88
724.4 ,Thoracic or lumbosacral neuritis...,Diseases of the musculoskeletal...,6316,153,1.45,0.0000182255,1.23,1.71
344.61 ,Cauda equina syndrome with neurogenic...,Diseases of the nervous system,2184,53,1.45,0.0121818455,1.08,1.9
584.9 ,"Acute kidney failure, unspecified",Diseases of the genitourinary...,1480,36,1.45,0.0331773037,1.01,2.02
756.12 ,Spondylolisthesis,Congenital anomalies,3343,81,1.45,0.0018831453,1.15,1.81
009.2 ,Infectious diarrhea,Infectious and parasitic diseases,8427,203,1.45,0.00000111378,1.25,1.67
079.9 ,Unspecified viral and chlamydial...,Infectious and parasitic diseases,1769,43,1.45,0.020408128,1.05,1.97
786.09 ,Other respiratory abnormalities,"Comorbidities, signs, and ill-defined...",11855,286,1.45,0.0000000059496795,1.28,1.64
493.10 ,"Intrinsic asthma, unspecified",Diseases of the respiratory system,3844,93,1.45,0.0008414629,1.16,1.78
708 ,Urticaria,Diseases of the skin and subcutaneous...,4572,111,1.45,0.0002193156,1.19,1.76
840.4 ,Rotator cuff (capsule) sprain,Injury and poisoning,1233,30,1.45,0.0463994965,0.97,2.09
528.3 ,Cellulitis and abscess of oral...,Diseases of the digestive system,1190,29,1.45,0.0543360776,0.97,2.1
535.0 ,Acute gastritis,Diseases of the digestive system,16596,397,1.45,0.00000000001508568,1.3,1.6
535.40 ,"Other specified gastritis, without...",Diseases of the digestive system,16275,390,1.45,0.00000000001840193,1.3,1.6
411 ,Other acute and subacute forms...,Diseases of the circulatory system,2720,66,1.45,0.0044640076,1.12,1.85
300.00 ,"Anxiety state, unspecified",Mental disorders,44827,1052,1.45,8.850977e-27,1.36,1.55
564.8 ,Other specified function disorder...,Diseases of the digestive system,18823,451,1.45,0.0000000000005296968,1.32,1.6
918.1 ,Superficial injury of cornea,Injury and poisoning,7668,185,1.45,0.0000032364484,1.24,1.68
424.2 ,"Tricuspid valve disorders, specified...",Diseases of the circulatory system,1443,35,1.45,0.0397077675,1,2.02
724.02 ,"Spinal stenosis, lumbar region,...",Diseases of the musculoskeletal...,18541,441,1.44,0.000000000002440397,1.3,1.59
724.5 ,"Backache, unspecified",Diseases of the musculoskeletal...,74193,1695,1.44,1.662808e-38,1.37,1.52
435.9 ,Unspecified transient cerebral...,Diseases of the circulatory system,10637,255,1.44,0.000000063373926,1.27,1.64
365.00 ,"Preglaucoma, unspecified",Diseases of the nervous system,2284,55,1.44,0.0113316917,1.08,1.88
692.5 ,Contact dermatitis and other eczema...,Diseases of the skin and subcutaneous...,2654,64,1.44,0.0063547151,1.11,1.85
788.2 ,Retention of urine,"Comorbidities, signs, and ill-defined...",16854,401,1.44,0.00000000002595057,1.3,1.59
788.9 ,Other symptoms involving urinary...,"Comorbidities, signs, and ill-defined...",1702,41,1.44,0.029457628,1.03,1.96
715.1 ,"Osteoarthrosis, localized, primary",Diseases of the musculoskeletal...,3329,80,1.44,0.0023289769,1.13,1.79
388.40 ,"Abnormal auditory perception,...",Diseases of the nervous system,2530,61,1.44,0.0067138361,1.1,1.86
535.00 ,"Acute gastritis, without mention...",Diseases of the digestive system,69396,1586,1.44,8.255808e-36,1.36,1.52
306.2 ,Cardiovascular malfunction arising...,Mental disorders,1903,46,1.44,0.0199346015,1.05,1.93
428.9 ,"Heart failure, unspecified",Diseases of the circulatory system,19832,470,1.43,0.0000000000007182253,1.3,1.58
578.9 ,Hemorrhage of gastrointestinal...,Diseases of the digestive system,19629,465,1.43,0.000000000001026835,1.3,1.58
349 ,Other and unspecified disorders...,Diseases of the nervous system,2339,56,1.43,0.012324917,1.08,1.87
727.00 ,"Synovitis and tenosynovitis, unspecified",Diseases of the musculoskeletal...,44507,1030,1.43,2.777428e-24,1.34,1.52
590.10 ,Acute pyelonephritis without lesion...,Diseases of the genitourinary...,2878,69,1.43,0.0046084694,1.11,1.82
729.1 ,"Myalgia and myositis, unspecified",Diseases of the musculoskeletal...,82351,1859,1.43,7.947788e-40,1.36,1.51
738.4 ,Acquired spondylolisthesis,Diseases of the musculoskeletal...,5446,130,1.43,0.0001370053,1.19,1.7
782.1 ,Rash and other nonspecific skin...,"Comorbidities, signs, and ill-defined...",5260,126,1.43,0.0001604291,1.19,1.71
370 ,Keratitis,Diseases of the nervous system,1917,46,1.43,0.0205499129,1.04,1.92
491.20 ,Obstructive chronic bronchitis...,Diseases of the respiratory system,24525,577,1.43,0.000000000000005903372,1.31,1.56
839.8 ,"Closed dislocation, multiple and...",Injury and poisoning,1501,36,1.43,0.0437657965,1,1.99
531.0 ,Acute with hemorrhage,Diseases of the digestive system,1250,30,1.43,0.0605102584,0.96,2.06
280 ,Iron deficiency anemias,Diseases of the blood and blood-forming...,2210,53,1.43,0.012866255,1.07,1.88
350.1 ,Trigeminal neuralgia,Diseases of the nervous system,2773,66,1.42,0.0076002844,1.1,1.82
353 ,Nerve root and plexus disorders,Diseases of the nervous system,2023,48,1.42,0.0240210699,1.04,1.89
354.0 ,Carpal tunnel syndrome,Diseases of the nervous system,5474,130,1.42,0.0001753979,1.18,1.69
455.2 ,Internal hemorrhoids with other...,Diseases of the circulatory system,5102,121,1.42,0.0003051854,1.17,1.7
601.3 ,Prostatocystitis,Diseases of the genitourinary...,1051,25,1.42,0.0918730073,0.91,2.11
465.8 ,Acute upper respiratory infections...,Diseases of the respiratory system,48347,1113,1.42,1.582949e-25,1.33,1.52
477.0 ,Allergic rhinitis due to pollen,Diseases of the respiratory system,1219,29,1.42,0.0734710863,0.95,2.05
478.8 ,Upper respiratory tract hypersensitivity...,Diseases of the respiratory system,1474,35,1.42,0.0532673819,0.98,1.98
371.03 ,Central opacity of cornea,Diseases of the nervous system,1259,30,1.42,0.0619819341,0.95,2.04
532.70 ,Chronic duodenal ulcer without...,Diseases of the digestive system,8524,202,1.42,0.0000030388656,1.23,1.64
272.9 ,Unspecified disorder of lipoid...,"Endocrine, nutritional and metabolic...",4494,107,1.42,0.0005878727,1.16,1.73
533.40 ,Chronic or unspecified peptic...,Diseases of the digestive system,5787,137,1.42,0.0001416161,1.19,1.68
722.73 ,Intervertebral disc disorder with...,Diseases of the musculoskeletal...,3316,79,1.42,0.0029006814,1.12,1.78
337.9 ,Unspecified disorder of autonomic...,Diseases of the nervous system,1354,32,1.41,0.0573158635,0.96,2
356.9 ,Unspecified hereditary and idiopathic...,Diseases of the nervous system,11594,272,1.41,0.00000014582136,1.24,1.59
930.0 ,Corneal foreign body,Injury and poisoning,14911,349,1.41,0.0000000028275974,1.26,1.57
729.82 ,Cramp of limb,Diseases of the musculoskeletal...,3426,81,1.41,0.0033504863,1.12,1.76
009.3 ,Diarrhea of presumed infectious...,Infectious and parasitic diseases,4065,96,1.41,0.0014534658,1.14,1.73
601.9 ,"Prostatitis, unspecified",Diseases of the genitourinary...,5540,131,1.41,0.0001926223,1.18,1.69
053.13 ,Postherpetic polyneuropathy,Infectious and parasitic diseases,1059,25,1.41,0.0938819154,0.91,2.09
110.0 ,Dermatophytosis of scalp and beard,Infectious and parasitic diseases,1349,32,1.41,0.0564462605,0.96,2.01
368.13 ,Visual discomfort,Diseases of the nervous system,31038,716,1.41,1.263426e-16,1.3,1.52
709.9 ,Unspecified disorder of skin and...,Diseases of the skin and subcutaneous...,18785,437,1.41,0.00000000005589105,1.27,1.55
719.90 ,"Unspecified disorder of joint,...",Diseases of the musculoskeletal...,2534,60,1.41,0.0106258185,1.07,1.83
414.8 ,Other specified forms of chronic...,Diseases of the circulatory system,15273,358,1.41,0.000000001599846,1.27,1.57
722.2 ,Displacement of intervertebral...,Diseases of the musculoskeletal...,6638,156,1.41,0.0000669034,1.19,1.65
726.1 ,"Rotator cuff syndrome of shoulder,...",Diseases of the musculoskeletal...,1707,40,1.4,0.0472290214,0.99,1.91
349.89 ,Other specified disorders of nervous...,Diseases of the nervous system,4138,97,1.4,0.0019533707,1.13,1.72
353.9 ,Unspecified nerve root and plexus...,Diseases of the nervous system,4955,116,1.4,0.0007059946,1.15,1.68
599.0 ,"Urinary tract infection, site...",Diseases of the genitourinary...,69923,1563,1.4,9.130366e-31,1.32,1.48
782.0 ,Disturbance of skin sensation,"Comorbidities, signs, and ill-defined...",1576,37,1.4,0.0494905773,0.98,1.94
366.50 ,"After-cataract, unspecified",Diseases of the nervous system,13192,307,1.4,0.000000050124014,1.24,1.57
784.1 ,Throat pain,"Comorbidities, signs, and ill-defined...",6751,158,1.4,0.0000767398,1.19,1.64
370.40 ,"Keratoconjunctivitis, unspecified",Diseases of the nervous system,3328,78,1.4,0.0055189305,1.1,1.75
371.0 ,Corneal scars and opacities,Diseases of the nervous system,1279,30,1.4,0.0806472969,0.94,2.01
530.8 ,Other specified disorders of esophagus,Diseases of the digestive system,1616,38,1.4,0.0423043333,0.99,1.94
848.8 ,Other specified sites of sprains...,Injury and poisoning,3876,91,1.4,0.0025998023,1.13,1.73
848.9 ,Unspecified site of sprain and...,Injury and poisoning,42326,963,1.4,1.451923e-20,1.3,1.49
715.35 ,"Osteoarthrosis, localized, not...",Diseases of the musculoskeletal...,4926,115,1.4,0.0008336163,1.15,1.68
715.96 ,"Osteoarthrosis, unspecified whether...",Diseases of the musculoskeletal...,17449,405,1.4,0.000000000400048,1.26,1.55
402.00 ,Malignant hypertensive heart disease...,Diseases of the circulatory system,6993,163,1.4,0.0000692051,1.19,1.63
558.2 ,Toxic gastroenteritis and colitis,Diseases of the digestive system,1151,27,1.4,0.0856750166,0.92,2.05
411.1 ,Intermediate coronary syndrome,Diseases of the circulatory system,4262,100,1.4,0.0015170491,1.14,1.71
722.90 ,"Other and unspecified disc disorder,...",Diseases of the musculoskeletal...,2089,49,1.4,0.0264112751,1.03,1.86
727.01 ,Synovitis and tenosynovitis in...,Diseases of the musculoskeletal...,1585,37,1.39,0.0506052696,0.98,1.93
362.50 ,"Macular degeneration (senile),...",Diseases of the nervous system,12585,292,1.39,0.00000014278178,1.24,1.57
455.3 ,External hemorrhoids without mention...,Diseases of the circulatory system,2099,49,1.39,0.026920286,1.03,1.85
372.00 ,"Acute conjunctivitis, unspecified",Diseases of the nervous system,53356,1199,1.39,5.884386e-24,1.31,1.48
491.0 ,Simple chronic bronchitis,Diseases of the respiratory system,18263,420,1.39,0.0000000005516787,1.25,1.53
372.2 ,Blepharoconjunctivitis,Diseases of the nervous system,4781,111,1.39,0.0012753245,1.14,1.68
712 ,Crystal arthropathies,Diseases of the musculoskeletal...,2573,60,1.39,0.0140471655,1.06,1.8
533 ,"Peptic ulcer, site unspecified",Diseases of the digestive system,21746,500,1.39,0.00000000001184232,1.27,1.52
428.0 ,"Congestive heart failure, unspecified",Diseases of the circulatory system,35246,798,1.38,1.341038e-16,1.28,1.49
724.8 ,Other symptoms referable to back,Diseases of the musculoskeletal...,1383,32,1.38,0.0752734034,0.94,1.96
578.0 ,Hematemesis,Diseases of the digestive system,1853,43,1.38,0.0460778384,1,1.87
440 ,Atherosclerosis,Diseases of the circulatory system,3211,74,1.38,0.0089423981,1.08,1.73
601.1 ,Chronic prostatitis,Diseases of the genitourinary...,6218,143,1.38,0.0003547526,1.16,1.63
466 ,Acute bvronchitis and bronchiolitis,Diseases of the respiratory system,22090,504,1.38,0.00000000002926899,1.26,1.51
370.21 ,Punctate keratitis,Diseases of the nervous system,9183,212,1.38,0.0000098903947,1.2,1.59
250.6 ,Diabetes with neurological manifestations,"Endocrine, nutritional and metabolic...",5705,132,1.38,0.0004352371,1.15,1.65
533.00 ,Acute peptic ulcer of unspecified...,Diseases of the digestive system,7883,182,1.38,0.0000410736,1.19,1.6
721.91 ,"Spondylosis of unspecified site,...",Diseases of the musculoskeletal...,1597,37,1.38,0.0634761118,0.97,1.91
575.0 ,Acute cholecystitis,Diseases of the digestive system,2303,53,1.37,0.0282122932,1.02,1.8
724.9 ,Other unspecified back disorders,Diseases of the musculoskeletal...,7425,170,1.37,0.0001130446,1.17,1.6
577.0 ,Acute pancreatitis,Diseases of the digestive system,2517,58,1.37,0.0198802706,1.04,1.78
726.32 ,Lateral epicondylitis,Diseases of the musculoskeletal...,2475,57,1.37,0.0229639756,1.04,1.79
354.9 ,"Mononeuritis of upper limb, unspecified",Diseases of the nervous system,1437,33,1.37,0.0805257289,0.94,1.93
443.9 ,"Peripheral vascular disease, unspecified",Diseases of the circulatory system,11510,263,1.37,0.0000019129908,1.21,1.55
596.0 ,Bladder neck obstruction,Diseases of the genitourinary...,1571,36,1.37,0.076330548,0.95,1.9
692 ,Contact dermatitis and other eczema,Diseases of the skin and subcutaneous...,18935,430,1.37,0.0000000018374149,1.24,1.51
692.3 ,Contact dermatitis and other eczema...,Diseases of the skin and subcutaneous...,5049,116,1.37,0.0014227144,1.13,1.65
692.8 ,"Contact dermatitis and other eczema,...",Diseases of the skin and subcutaneous...,3125,72,1.37,0.0098892514,1.07,1.74
696.1 ,Other psoriasis,Diseases of the skin and subcutaneous...,5993,137,1.37,0.0005930098,1.14,1.62
375.20 ,"Epiphora, unspecified as to cause",Diseases of the nervous system,1260,29,1.37,0.0993732921,0.91,1.98
375.56 ,"Stenosis of nasolacrimal duct,...",Diseases of the nervous system,4979,114,1.37,0.0016018942,1.12,1.65
528.2 ,Oral aphthae,Diseases of the digestive system,8481,194,1.37,0.0000439495,1.18,1.58
528.9 ,Other and unspecified diseases...,Diseases of the digestive system,18047,411,1.37,0.0000000027605181,1.24,1.52
382.3 ,Unspecified chronic suppurative...,Diseases of the nervous system,3695,85,1.37,0.0057570548,1.09,1.7
716.56 ,Unspecified polyarthropathy or...,Diseases of the musculoskeletal...,1571,36,1.37,0.076330548,0.95,1.9
535 ,Gastritis and duodenitis,Diseases of the digestive system,18122,413,1.37,0.0000000024633827,1.24,1.52
388.8 ,Other disorders of ear,Diseases of the nervous system,1779,41,1.37,0.0521290492,0.98,1.87
716.90 ,"Arthropathy, unspecified, site...",Diseases of the musculoskeletal...,43791,979,1.37,8.010732e-19,1.28,1.47
285 ,Other and unspecified anemias,Diseases of the blood and blood-forming...,1609,37,1.37,0.0648037536,0.96,1.9
285.9 ,"Anemia, unspecified",Diseases of the blood and blood-forming...,25767,584,1.37,0.000000000002149803,1.26,1.5
719 ,Other and unspecified disorders...,Diseases of the musculoskeletal...,1867,43,1.37,0.0470567061,0.99,1.86
300.0 ,Anxiety states,Mental disorders,17429,397,1.37,0.0000000053043517,1.24,1.52
307.42 ,Persistent disorder of initiating...,Mental disorders,5874,135,1.37,0.000522149,1.15,1.63
582 ,Chronic glomerulonephritis,Diseases of the genitourinary...,2760,63,1.36,0.0212997114,1.04,1.75
349.9 ,Unspecified disorders of nervous...,Diseases of the nervous system,13279,301,1.36,0.00000061462236,1.21,1.53
780 ,General symptoms,"Comorbidities, signs, and ill-defined...",3388,77,1.36,0.0108957836,1.07,1.7
464 ,Acute laryngitis and tracheitis,Diseases of the respiratory system,16180,367,1.36,0.000000033191226,1.22,1.52
783.2 ,Abnormal loss of weight,"Comorbidities, signs, and ill-defined...",6046,138,1.36,0.0006257036,1.14,1.62
477.8 ,Allergic rhinitis due to other...,Diseases of the respiratory system,5918,135,1.36,0.0006653393,1.14,1.62
686.9 ,Unspecified local infection of...,Diseases of the skin and subcutaneous...,46424,1028,1.36,1.398619e-18,1.27,1.45
786.2 ,Cough,"Comorbidities, signs, and ill-defined...",61950,1360,1.36,1.547564e-23,1.28,1.44
478.0 ,Hypertrophy of nasal turbinates,Diseases of the respiratory system,3118,71,1.36,0.0144610301,1.06,1.72
372.12 ,Chronic follicular conjunctivitis,Diseases of the nervous system,3104,71,1.36,0.0118661683,1.06,1.73
161.9 ,"Malignant neoplasm of larynx,...",Neoplasms,1661,38,1.36,0.0689098585,0.96,1.88
794.8 ,Nonspecific abnormal results of...,"Comorbidities, signs, and ill-defined...",6341,144,1.36,0.0005848088,1.14,1.6
493.00 ,"Extrinsic asthma, unspecified",Diseases of the respiratory system,6255,142,1.36,0.0006440167,1.14,1.6
842.00 ,"Sprain of wrist, unspecified site",Injury and poisoning,1179,27,1.36,0.1123721715,0.89,2
845.00 ,"Sprain of ankle, unspecified site",Injury and poisoning,3776,86,1.36,0.0076206996,1.08,1.69
715.0 ,"Osteoarthrosis, generalized",Diseases of the musculoskeletal...,4653,106,1.36,0.0029017036,1.11,1.65
382.9 ,Unspecified otitis media,Diseases of the nervous system,12257,278,1.36,0.000001627862,1.2,1.54
715.9 ,"Osteoarthrosis, unspecified whether...",Diseases of the musculoskeletal...,17935,405,1.36,0.000000010191422,1.23,1.5
535.50 ,"Unspecified gastritis and gastroduodenitis,...",Diseases of the digestive system,76902,1676,1.36,4.501119e-28,1.29,1.44
398.90 ,"Rheumatic heart disease, unspecified",Diseases of the circulatory system,1359,31,1.36,0.091575717,0.92,1.94
401.0 ,Malignant essential hypertension,Diseases of the circulatory system,12469,282,1.36,0.0000016720494,1.2,1.53
411.89 ,Other acute and subacute forms...,Diseases of the circulatory system,6853,156,1.36,0.0002755698,1.15,1.6
427.2 ,"Paroxysmal tachycardia, unspecified",Diseases of the circulatory system,2448,56,1.36,0.0272781186,1.03,1.78
428 ,Heart failure,Diseases of the circulatory system,9431,212,1.35,0.0000538096,1.17,1.54
574.5 ,Calculus of bile duct without...,Diseases of the digestive system,1235,28,1.35,0.1204952,0.89,1.96
726.6 ,Enthesopathy of knee,Diseases of the musculoskeletal...,2298,52,1.35,0.0418856337,1,1.78
595.9 ,"Cystitis, unspecified",Diseases of the genitourinary...,17231,387,1.35,0.000000036522828,1.22,1.5
680.0 ,Carbuncle and furuncle of face,Diseases of the skin and subcutaneous...,2879,65,1.35,0.0241763643,1.04,1.72
366.14 ,Posterior subcapsular polar senile...,Diseases of the nervous system,5182,117,1.35,0.0023670498,1.11,1.62
785.50 ,"Shock, unspecified","Comorbidities, signs, and ill-defined...",1417,32,1.35,0.098263069,0.92,1.91
490 ,"Bronchitis, not specified as acute...",Diseases of the respiratory system,49073,1080,1.35,8.336337e-19,1.27,1.44
374.9 ,Unspecified disorder of eyelid,Diseases of the nervous system,2069,47,1.35,0.048543272,0.99,1.81
229.9 ,Benign neoplasm of unspecified...,Neoplasms,1061,24,1.35,0.1509985988,0.86,2.02
250.40 ,"Diabetes with renal manifestations,...","Endocrine, nutritional and metabolic...",10853,245,1.35,0.0000103089,1.19,1.54
555.0 ,Regional enteritis of small intestine,Diseases of the digestive system,1453,33,1.35,0.1013545388,0.93,1.91
427.9 ,"Cardiac dysrhythmia, unspecified",Diseases of the circulatory system,52533,1144,1.34,1.342285e-18,1.26,1.42
333.1 ,Essential and other specified...,Diseases of the nervous system,4601,103,1.34,0.0057143811,1.09,1.63
429 ,Ill-defined descriptions and complications...,Diseases of the circulatory system,1507,34,1.34,0.0887288554,0.93,1.89
591 ,Hydronephrosis,Diseases of the genitourinary...,4640,104,1.34,0.0049706613,1.09,1.63
440.2 ,Atherosclerosis of arteries of...,Diseases of the circulatory system,1778,40,1.34,0.0787560731,0.95,1.83
362 ,Other retinal disorders,Diseases of the nervous system,1063,24,1.34,0.151618628,0.86,2.01
729 ,Other disorders of soft tissues,Diseases of the musculoskeletal...,1335,30,1.34,0.110943959,0.9,1.92
216 ,Benign neoplasm of skin,Neoplasms,3558,80,1.34,0.012914894,1.06,1.68
707.9 ,Chronic ulcer of unspecified site,Diseases of the skin and subcutaneous...,2936,66,1.34,0.0215157933,1.03,1.71
532.30 ,Acute duodenal ulcer without mention...,Diseases of the digestive system,3959,89,1.34,0.0091621221,1.07,1.66
389 ,Hearing loss,Diseases of the nervous system,2221,50,1.34,0.0470498045,0.99,1.78
558 ,Other and unspecified noninfectious...,Diseases of the digestive system,4911,110,1.34,0.003772667,1.1,1.62
558.9 ,Other and unspecified noninfectious...,Diseases of the digestive system,118659,2484,1.34,8.694429e-33,1.28,1.4
564.9 ,Unspecified functional disorder...,Diseases of the digestive system,71319,1542,1.34,3.400533e-24,1.27,1.42
307.4 ,Specific disorders of sleep of...,Mental disorders,3374,76,1.34,0.0155740262,1.05,1.69
425.4 ,Other primary cardiomyopathies,Diseases of the circulatory system,1729,39,1.34,0.0748996194,0.95,1.85
722.91 ,"Other and unspecified disc disorder,...",Diseases of the musculoskeletal...,1424,32,1.34,0.1208327296,0.91,1.9
724.1 ,Pain in thoracic spine,Diseases of the musculoskeletal...,1301,29,1.33,0.1309715965,0.88,1.92
429.3 ,Cardiomegaly,Diseases of the circulatory system,4718,105,1.33,0.0054025987,1.08,1.61
733.00 ,"Osteoporosis, unspecified",Diseases of the musculoskeletal...,23413,515,1.33,0.0000000027549997,1.21,1.45
364.3 ,Unspecified iridocyclitis,Diseases of the nervous system,1165,26,1.33,0.1698557999,0.86,1.96
604.90 ,"Orchitis and epididymitis, unspecified",Diseases of the genitourinary...,3099,69,1.33,0.0249624933,1.03,1.69
465 ,Acute upper respiratory infections...,Diseases of the respiratory system,42064,918,1.33,0.000000000000003973528,1.24,1.43
070.51 ,Acute hepatitis C without mention...,Infectious and parasitic diseases,4816,107,1.33,0.0058226956,1.08,1.61
111 ,"Dermatomycosis, other and unspecified",Infectious and parasitic diseases,1436,32,1.33,0.1226284772,0.9,1.88
694.0 ,Dermatitis herpetiformis,Diseases of the skin and subcutaneous...,1655,37,1.33,0.0854917209,0.93,1.84
493.90 ,"Asthma, unspecified type, unspecified",Diseases of the respiratory system,51865,1122,1.33,2.337342e-17,1.24,1.41
377.10 ,"Optic atrophy, unspecified",Diseases of the nervous system,2679,60,1.33,0.0348194202,1.01,1.73
287.2 ,Other nonthrombocytopenic purpuras,Diseases of the blood and blood-forming...,2022,45,1.33,0.0686922767,0.96,1.78
537.9 ,Unspecified disorder of stomach...,Diseases of the digestive system,2511,56,1.33,0.0429951345,1,1.73
410.90 ,Acute myocardial infarction of...,Diseases of the circulatory system,3983,89,1.33,0.0094662786,1.07,1.65
566 ,Abscess of anal and rectal regions,Diseases of the digestive system,1791,40,1.33,0.0802369618,0.95,1.82
581.9 ,Nephrotic syndrome with unspecified...,Diseases of the genitourinary...,4753,105,1.32,0.0077582127,1.07,1.6
582.0 ,Chronic glomerulonephritis with...,Diseases of the genitourinary...,1403,31,1.32,0.1447416508,0.89,1.88
597.80 ,"Urethritis, unspecified",Diseases of the genitourinary...,8970,198,1.32,0.0002310371,1.14,1.52
599.6 ,"Urinary obstruction, unspecified",Diseases of the genitourinary...,1484,33,1.32,0.1286872741,0.91,1.87
780.9 ,Other general symptoms,"Comorbidities, signs, and ill-defined...",8872,196,1.32,0.0002507915,1.14,1.52
680.8 ,Carbuncle and furuncle of other...,Diseases of the skin and subcutaneous...,1305,29,1.32,0.1320522441,0.88,1.91
070.30 ,Viral hepatitis B without mention...,Infectious and parasitic diseases,4618,102,1.32,0.0082215605,1.07,1.61
708.9 ,"Urticaria, unspecified",Diseases of the skin and subcutaneous...,42126,913,1.32,0.00000000000002303016,1.23,1.42
379.39 ,Other disorders of lens,Diseases of the nervous system,3472,77,1.32,0.020458998,1.04,1.66
531.70 ,Chronic gastric ulcer without...,Diseases of the digestive system,8259,183,1.32,0.0003471321,1.14,1.54
715.37 ,"Osteoarthrosis, localized, not...",Diseases of the musculoskeletal...,1484,33,1.32,0.1286872741,0.91,1.87
715.91 ,"Osteoarthrosis, unspecified whether...",Diseases of the musculoskeletal...,1126,25,1.32,0.1640227015,0.85,1.96
720.1 ,Spinal enthesopathy,Diseases of the musculoskeletal...,1711,38,1.32,0.0904419104,0.93,1.82
427.1 ,Paroxysmal ventricular tachycardia,Diseases of the circulatory system,1128,25,1.32,0.1646840632,0.85,1.96
473.0 ,Chronic maxillary sinusitis,Diseases of the respiratory system,1047,23,1.31,0.1873528081,0.82,1.97
473.9 ,Unspecified sinusitis (chronic),Diseases of the respiratory system,10685,234,1.31,0.0000927905,1.14,1.49
692.79 ,Other dermatitis due to solar...,Diseases of the skin and subcutaneous...,2680,59,1.31,0.0424276956,0.99,1.7
487.8 ,Influenza with other manifestations,Diseases of the respiratory system,11956,261,1.31,0.0000488674,1.15,1.48
698.2 ,Prurigo,Diseases of the skin and subcutaneous...,32339,701,1.31,0.00000000003603373,1.21,1.42
380.22 ,Other acute otitis externa,Diseases of the nervous system,8543,187,1.31,0.0005118192,1.12,1.51
716.50 ,Unspecified polyarthropathy or...,Diseases of the musculoskeletal...,2731,60,1.31,0.0441174846,1,1.69
535.10 ,"Atrophic gastritis, without mention...",Diseases of the digestive system,2690,59,1.31,0.0505728314,0.99,1.69
389.10 ,"Sensorineural hearing loss, unspecified",Diseases of the nervous system,12679,277,1.31,0.0000277922,1.16,1.48
719.99 ,"Unspecified disorder of joint,...",Diseases of the musculoskeletal...,2460,54,1.31,0.0592043383,0.98,1.71
354.2 ,Lesion of ulnar nerve,Diseases of the nervous system,1052,23,1.3,0.2286442478,0.82,1.96
362.01 ,Background diabetic retinopathy,Diseases of the nervous system,7627,166,1.3,0.0014621416,1.11,1.52
362.02 ,Proliferative diabetic retinopathy,Diseases of the nervous system,3255,71,1.3,0.0341306141,1.01,1.65
008.5 ,"Bacterial enteritis, unspecified",Infectious and parasitic diseases,1597,35,1.3,0.1194004968,0.9,1.82
011 ,Pulmoary tuberculosis,Infectious and parasitic diseases,4353,95,1.3,0.0152710827,1.05,1.6
786.3 ,Hemoptysis,"Comorbidities, signs, and ill-defined...",8067,176,1.3,0.0009220245,1.11,1.52
111.9 ,"Dermatomycosis, unspecified",Infectious and parasitic diseases,4182,91,1.3,0.0185817225,1.04,1.6
692.9 ,"Contact dermatitis and other eczema,...",Diseases of the skin and subcutaneous...,156944,3159,1.3,3.33384e-31,1.24,1.36
491.8 ,Other chronic bronchitis,Diseases of the respiratory system,9510,207,1.3,0.0003468129,1.13,1.5
229.8 ,Benign neoplasm of other specified...,Neoplasms,2196,48,1.3,0.0805763721,0.96,1.73
246.9 ,Unspecified disorder of thyroid,"Endocrine, nutritional and metabolic...",1372,30,1.3,0.1708689164,0.87,1.87
250 ,Diabetes mellitus,"Endocrine, nutritional and metabolic...",31603,681,1.3,0.0000000001832731,1.2,1.41
401.1 ,Benign essential hypertension,Diseases of the circulatory system,51113,1090,1.3,0.000000000000003301574,1.22,1.39
719.40 ,"Pain in joint, site unspecified",Diseases of the musculoskeletal...,41592,890,1.3,0.000000000000806849,1.21,1.4
558.1 ,Gastroenteritis and colitis due...,Diseases of the digestive system,1329,29,1.3,0.1648415926,0.87,1.88
564.1 ,Irritable bowel syndrome,Diseases of the digestive system,50610,1075,1.3,0.00000000000001408926,1.22,1.38
316 ,Psychic factors associated with...,Mental disorders,1558,34,1.3,0.1385156142,0.9,1.82
930.1 ,Foreign body in conjunctival sac,Injury and poisoning,15471,334,1.29,0.0000091964949,1.16,1.45
455.5 ,External hemorrhoids with other...,Diseases of the circulatory system,1705,37,1.29,0.1309698107,0.91,1.79
461 ,Acute sinusitis,Diseases of the respiratory system,3883,84,1.29,0.0243958433,1.02,1.6
464.11 ,Acute tracheitis with obstruction,Diseases of the respiratory system,4265,92,1.29,0.0199473524,1.03,1.58
466.0 ,Acute bronchitis,Diseases of the respiratory system,208497,4064,1.29,1.612441e-31,1.23,1.34
782.4 ,"Jaundice, unspecified, not of...","Comorbidities, signs, and ill-defined...",2213,48,1.29,0.0823809161,0.95,1.72
478.9 ,Other and unspecified diseases...,Diseases of the respiratory system,6665,144,1.29,0.004053328,1.08,1.52
491.2 ,Obstructive chronic bronchitis,Diseases of the respiratory system,11543,249,1.29,0.0001441892,1.13,1.47
372.20 ,"Blepharoconjunctivitis, unspecified",Diseases of the nervous system,12955,279,1.29,0.0000616618,1.14,1.45
372.40 ,"Pterygium, unspecified",Diseases of the nervous system,10985,237,1.29,0.0002096032,1.13,1.47
531.90 ,"Gastric ulcer, unspecified as...",Diseases of the digestive system,29446,631,1.29,0.0000000021708398,1.19,1.41
715.90 ,"Osteoarthrosis, unspecified whether...",Diseases of the musculoskeletal...,79645,1654,1.29,4.482083e-19,1.22,1.36
719.47 ,"Pain in joint, ankle and foot",Diseases of the musculoskeletal...,5259,114,1.29,0.0097260487,1.06,1.56
414 ,Other forms of chronic ischemic...,Diseases of the circulatory system,19611,420,1.29,0.0000013572753,1.16,1.42
571.5 ,Cirrhosis of liver without mention...,Diseases of the digestive system,13086,282,1.29,0.0000575319,1.14,1.45
427.60 ,"Premature beats, unspecified",Diseases of the circulatory system,1106,24,1.29,0.1993284524,0.82,1.93
574 ,Cholelithiasis,Diseases of the digestive system,3775,82,1.29,0.0262405363,1.03,1.61
428.1 ,Left heart failure,Diseases of the circulatory system,1761,38,1.28,0.1371449351,0.9,1.77
429.2 ,"Cardiovascular disease, unspecified",Diseases of the circulatory system,4055,87,1.28,0.0274952455,1.02,1.58
601 ,Inflammatory diseases of prostate,Diseases of the genitourinary...,1772,38,1.28,0.1389393081,0.9,1.76
680.9 ,Carbuncle and furuncle of unspecified...,Diseases of the skin and subcutaneous...,12677,271,1.28,0.0001411672,1.13,1.45
472.0 ,Chronic rhinitis,Diseases of the respiratory system,21624,460,1.28,0.0000009216213,1.16,1.41
485 ,"Bronchopneumonia, organism unspecified",Diseases of the respiratory system,7105,152,1.28,0.0040371809,1.08,1.5
491 ,Chronic bronchitis,Diseases of the respiratory system,28024,593,1.28,0.000000042018764,1.17,1.39
698.4 ,Dermatitis factitia [artefacta],Diseases of the skin and subcutaneous...,3595,77,1.28,0.0376831736,1,1.6
798.9 ,Unattended death,"Comorbidities, signs, and ill-defined...",1348,29,1.28,0.2022933918,0.85,1.85
372.72 ,Conjunctival hemorrhage,Diseases of the nervous system,17482,373,1.28,0.0000085569651,1.15,1.42
511.0 ,Pleurisy without mention of effusion...,Diseases of the respiratory system,1585,34,1.28,0.1703047893,0.88,1.79
255.0 ,Cushing's syndrome,"Endocrine, nutritional and metabolic...",1253,27,1.28,0.1882156393,0.84,1.88
535.5 ,Unspecified gastritis & gastroduodenitis,Diseases of the digestive system,11569,248,1.28,0.0002261529,1.12,1.46
560.39 ,Other impaction of intestine,Diseases of the digestive system,3639,78,1.28,0.0385648087,1.01,1.6
919.4 ,"Insect bite, nonvenomous, of other,...",Injury and poisoning,2551,55,1.28,0.0758303864,0.96,1.68
427.0 ,Paroxysmal supraventricular tachycardia,Diseases of the circulatory system,4199,90,1.28,0.025934058,1.02,1.58
726.5 ,Enthesopathy of hip region,Diseases of the musculoskeletal...,1174,25,1.27,0.2547808893,0.82,1.88
596.8 ,"Bladder disorder, NEC",Diseases of the genitourinary...,1409,30,1.27,0.2124563223,0.85,1.82
455.0 ,Internal hemorrhoids without mention...,Diseases of the circulatory system,4991,106,1.27,0.0203086182,1.03,1.54
599 ,Other disorders of urethra and...,Diseases of the genitourinary...,4627,99,1.27,0.021701897,1.03,1.56
600 ,Hyperplasia of prostate,Diseases of the genitourinary...,188728,3691,1.27,2.834444e-28,1.22,1.33
370.20 ,"Superficial keratitis, unspecified",Diseases of the nervous system,3705,79,1.27,0.0404209066,1,1.59
486 ,"Pneumonia, organism unspecified",Diseases of the respiratory system,44613,931,1.27,0.00000000004469327,1.18,1.36
789 ,Other symptoms involving abdomen...,"Comorbidities, signs, and ill-defined...",3145,67,1.27,0.0605594953,0.98,1.62
698 ,Pruritus and related conditions,Diseases of the skin and subcutaneous...,6057,129,1.27,0.009097583,1.06,1.51
373.2 ,Chalazion,Diseases of the nervous system,2295,49,1.27,0.1037991712,0.94,1.69
250.70 ,Diabetes with peripheral circulatory...,"Endocrine, nutritional and metabolic...",6341,135,1.27,0.0080567278,1.06,1.51
381.81 ,Dysfunction of Eustachian tube,Diseases of the nervous system,3668,78,1.27,0.0458880377,1,1.59
386.50 ,"Labyrinthine dysfunction, unspecified",Diseases of the nervous system,1825,39,1.27,0.1444281102,0.9,1.75
281.9 ,Unspecified deficiency anemia,Diseases of the blood and blood-forming...,2708,58,1.27,0.0723906507,0.96,1.65
536 ,Disorders of function of stomach,Diseases of the digestive system,15104,320,1.27,0.0000614514,1.13,1.42
308.0 ,Predominant disturbance of emotions,Mental disorders,1730,37,1.27,0.1596597516,0.89,1.76
311 ,"Depressive disorder, not elsewhere...",Mental disorders,5779,123,1.27,0.0118049075,1.05,1.52
437 ,Other and ill-defined cerebrovascular...,Diseases of the circulatory system,6272,133,1.26,0.0102787712,1.06,1.5
726.90 ,Enthesopathy of unspecified site,Diseases of the musculoskeletal...,19844,418,1.26,0.0000069799427,1.14,1.4
460 ,Acute nasopharyngitis [common...,Diseases of the respiratory system,160757,3173,1.26,2.221454e-25,1.21,1.32
464.20 ,Acute laryngotracheitis without...,Diseases of the respiratory system,21021,440,1.26,0.0000074147328,1.14,1.38
478.1 ,Other diseases of nasal cavity...,Diseases of the respiratory system,9303,197,1.26,0.0017610987,1.09,1.46
112.0 ,Candidiasis of mouth,Infectious and parasitic diseases,1181,25,1.26,0.2565601362,0.81,1.87
117.9 ,Other and unspecified mycoses,Infectious and parasitic diseases,2983,63,1.26,0.0748436764,0.96,1.61
371.20 ,"Corneal edema, unspecified",Diseases of the nervous system,1843,39,1.26,0.173113984,0.89,1.73
372.0 ,Acute conjunctivitis,Diseases of the nervous system,8329,176,1.26,0.0035316588,1.08,1.47
698.9 ,Unspecified pruritic disorder,Diseases of the skin and subcutaneous...,36422,757,1.26,0.0000000076612516,1.16,1.35
494 ,Bronchiectasis,Diseases of the respiratory system,14797,311,1.26,0.0001334616,1.12,1.41
216.6 ,Benign neoplasm of skin of upper...,Neoplasms,1323,28,1.26,0.2382012341,0.83,1.83
375.5 ,Stenosis and insufficiency of...,Diseases of the nervous system,1468,31,1.26,0.2219388551,0.85,1.79
250.0 ,Diabetes Mellitus w/m of complication,"Endocrine, nutritional and metabolic...",28682,599,1.26,0.00000018948394,1.15,1.37
250.50 ,"Diabetes with ophthalmic manifestations,...","Endocrine, nutritional and metabolic...",4886,103,1.26,0.0256143884,1.02,1.53
531 ,Gastric ulcer,Diseases of the digestive system,11363,240,1.26,0.0006167847,1.1,1.44
255.4 ,Corticoadrenal insufficiency,"Endocrine, nutritional and metabolic...",1789,38,1.26,0.1667445173,0.89,1.74
716.9 ,"Arthropathy, unspecified",Diseases of the musculoskeletal...,19054,400,1.26,0.0000152254,1.13,1.39
306 ,Physiological malfunction arising...,Mental disorders,1700,36,1.26,0.1855066304,0.88,1.75
414.9 ,"Chronic ischemic heart disease,...",Diseases of the circulatory system,94231,1907,1.26,1.118065e-17,1.19,1.32
571.40 ,"Chronic hepatitis, unspecified",Diseases of the digestive system,50438,1043,1.26,0.0000000000178012,1.18,1.34
578 ,Gastrointestinal hemorrhage,Diseases of the digestive system,1803,38,1.25,0.1690012883,0.88,1.73
595.0 ,Acute cystitis,Diseases of the genitourinary...,22327,466,1.25,0.0000049854313,1.14,1.38
461.0 ,Acute maxillary sinusitis,Diseases of the respiratory system,2770,58,1.25,0.1034039299,0.94,1.62
464.10 ,Acute tracheitis without mention...,Diseases of the respiratory system,50161,1030,1.25,0.0000000001132416,1.17,1.33
038.9 ,Unspecified septicemia,Infectious and parasitic diseases,10488,220,1.25,0.0014818057,1.09,1.43
366.10 ,"Senile cataract, unspecified",Diseases of the nervous system,117300,2339,1.25,2.845919e-19,1.19,1.31
680 ,Carbuncle and furuncle,Diseases of the skin and subcutaneous...,2241,47,1.25,0.1385614275,0.91,1.67
464.4 ,Croup,Diseases of the respiratory system,2091,44,1.25,0.1474457876,0.91,1.69
465.9 ,Acute upper respiratory infections...,Diseases of the respiratory system,363887,6557,1.25,4.163906e-21,1.19,1.31
693.0 ,Dermatitis due to drugs and medicines...,Diseases of the skin and subcutaneous...,5040,106,1.25,0.027818208,1.02,1.52
491.21 ,Obstructive chronic bronchitis...,Diseases of the respiratory system,20194,420,1.25,0.0000228979,1.13,1.38
372.53 ,Conjunctival xerosis,Diseases of the nervous system,2044,43,1.25,0.1436213361,0.9,1.69
702.8 ,Other specified dermatoses,Diseases of the skin and subcutaneous...,3805,80,1.25,0.050287025,0.99,1.56
216.4 ,Benign neoplasm of scalp and skin...,Neoplasms,1237,26,1.25,0.2674729449,0.81,1.84
518.4 ,"Acute edema of lung, unspecified",Diseases of the respiratory system,1232,26,1.25,0.2663451339,0.82,1.85
533.90 ,"Peptic ulcer of unspecified site,...",Diseases of the digestive system,87301,1770,1.25,1.411043e-16,1.19,1.32
556 ,Idiopathic proctocolitis,Diseases of the digestive system,1574,33,1.25,0.2025662686,0.85,1.76
721.90 ,"Spondylosis of unspecified site,...",Diseases of the musculoskeletal...,23947,497,1.25,0.0000043210955,1.14,1.37
571 ,Chronic liver disease and cirrhosis,Diseases of the digestive system,5915,124,1.25,0.0170420538,1.04,1.49
357.9 ,Unspecified inflammatory and toxic...,Diseases of the nervous system,2297,48,1.24,0.143334602,0.91,1.66
364.00 ,"Acute and subacute iridocyclitis,...",Diseases of the nervous system,2586,54,1.24,0.1252579633,0.93,1.63
009.1 ,"Colitis, enteritis, and gastroenteritis...",Infectious and parasitic diseases,6021,125,1.24,0.0234679706,1.03,1.48
366.17 ,Total or mature cataract,Diseases of the nervous system,4035,84,1.24,0.0570783148,0.99,1.54
466.1 ,Acute bronchiolitis,Diseases of the respiratory system,28449,587,1.24,0.0000010948984,1.14,1.35
698.1 ,Pruritus of genital organs,Diseases of the skin and subcutaneous...,1200,25,1.24,0.2630147046,0.8,1.84
491.9 ,Unspecified chronic bronchitis,Diseases of the respiratory system,81263,1636,1.24,0.00000000000003209822,1.17,1.31
492.8 ,Other emphysema,Diseases of the respiratory system,15159,314,1.24,0.0003389466,1.1,1.39
493 ,Asthma,Diseases of the respiratory system,16231,337,1.24,0.0001799443,1.11,1.39
701.4 ,Keloid scar,Diseases of the skin and subcutaneous...,2212,46,1.24,0.1590960448,0.9,1.66
496 ,"Chronic airway obstruction, not...",Diseases of the respiratory system,105449,2108,1.24,1.619387e-17,1.18,1.31
379.23 ,Vitreous hemorrhage,Diseases of the nervous system,2151,45,1.24,0.1532423185,0.9,1.67
714.0 ,Rheumatoid arthritis,Diseases of the musculoskeletal...,11168,232,1.24,0.0018135172,1.08,1.42
380.1 ,Infective otitis externa,Diseases of the nervous system,1959,41,1.24,0.1599936032,0.89,1.7
250.60 ,"Diabetes with neurological manifestations,...","Endocrine, nutritional and metabolic...",15406,319,1.24,0.0002967062,1.1,1.39
532.90 ,"Duodenal ulcer, unspecified as...",Diseases of the digestive system,20956,433,1.24,0.0000283303,1.12,1.37
396.3 ,Mitral valve insufficiency and...,Diseases of the circulatory system,2261,47,1.24,0.1634321036,0.9,1.65
402.10 ,Benign hypertensive heart disease...,Diseases of the circulatory system,34366,708,1.24,0.000000088863054,1.15,1.34
416.9 ,"Chronic pulmonary heart disease,...",Diseases of the circulatory system,2348,49,1.24,0.1475989551,0.91,1.65
443 ,Other peripheral vascular disease,Diseases of the circulatory system,1986,41,1.23,0.1903496027,0.88,1.67
464.0 ,Acute laryngitis,Diseases of the respiratory system,49530,1007,1.23,0.0000000013423219,1.15,1.32
097.9 ,"Syphilis, unspecified",Infectious and parasitic diseases,1493,31,1.23,0.2280554476,0.83,1.76
475 ,Peritonsillar abscess,Diseases of the respiratory system,2375,49,1.23,0.1511669049,0.9,1.63
686.0 ,Pyoderma,Diseases of the skin and subcutaneous...,6732,139,1.23,0.0195772569,1.03,1.46
370.9 ,Unspecified keratitis,Diseases of the nervous system,2654,55,1.23,0.130417597,0.93,1.61
789.5 ,Ascites,"Comorbidities, signs, and ill-defined...",1302,27,1.23,0.2801771083,0.81,1.8
162 ,"Malignant neoplasm, trachea, bronchus,...",Neoplasms,2902,60,1.23,0.1121620536,0.94,1.59
373.00 ,"Blepharitis, unspecified",Diseases of the nervous system,14556,300,1.23,0.0006129409,1.09,1.38
373.1 ,Hordeolum and other deep inflammation...,Diseases of the nervous system,2077,43,1.23,0.1722295102,0.89,1.67
216.3 ,Benign neoplasm of skin of other...,Neoplasms,2127,44,1.23,0.1766702064,0.89,1.66
244.9 ,Unspecified acquired hypothyroidism,"Endocrine, nutritional and metabolic...",1743,36,1.23,0.2251290496,0.86,1.71
250.00 ,Diabetes mellitus without mention...,"Endocrine, nutritional and metabolic...",92805,1852,1.23,0.000000000000007058782,1.17,1.3
715.17 ,"Osteoarthrosis, localized, primary,...",Diseases of the musculoskeletal...,1357,28,1.23,0.2899140544,0.81,1.78
533.30 ,Acute peptic ulcer of unspecified...,Diseases of the digestive system,8315,171,1.23,0.011317326,1.05,1.43
719.00 ,"Effusion of joint, site unspecified",Diseases of the musculoskeletal...,1352,28,1.23,0.288859369,0.81,1.79
569.9 ,Unspecified disorder of intestine,Diseases of the digestive system,4051,84,1.23,0.0659486519,0.98,1.53
585 ,Chronic renal failure,Diseases of the genitourinary...,28159,572,1.22,0.0000087881255,1.12,1.33
727.05 ,Other tenosynovitis of hand and...,Diseases of the musculoskeletal...,1709,35,1.22,0.2579052317,0.84,1.7
362.60 ,"Peripheral retinal degeneration,...",Diseases of the nervous system,3327,68,1.22,0.1200671875,0.94,1.55
011.90 ,"Pulmonary tuberculosis, unspecified,...",Infectious and parasitic diseases,13263,272,1.22,0.001497884,1.08,1.38
781.0 ,Abnormal involuntary movements,"Comorbidities, signs, and ill-defined...",1311,27,1.22,0.2827989059,0.8,1.79
367 ,"Infantile, juvenile, and presenile...",Diseases of the nervous system,1263,26,1.22,0.3232675816,0.8,1.8
487.1 ,Influenza with other respiratory...,Diseases of the respiratory system,76607,1527,1.22,0.000000000005903182,1.15,1.29
239.0 ,Neoplasm of unspecified nature...,Neoplasms,2330,48,1.22,0.1700304936,0.9,1.63
274.0 ,"Gouty arthropathy, unspecified","Endocrine, nutritional and metabolic...",63073,1260,1.22,0.0000000004399857,1.14,1.29
388.30 ,"Tinnitus, unspecified",Diseases of the nervous system,23350,474,1.22,0.0000629895,1.11,1.34
280.9 ,"Iron deficiency anemia, unspecified",Diseases of the blood and blood-forming...,7458,153,1.22,0.0164688419,1.03,1.44
401 ,Essential hypertension,Diseases of the circulatory system,43615,883,1.22,0.000000035977952,1.14,1.31
536.9 ,Unspecified functional disorder...,Diseases of the digestive system,132675,2590,1.22,3.977434e-17,1.17,1.28
413.0 ,Angina decubitus,Diseases of the circulatory system,3017,62,1.22,0.1189780416,0.93,1.57
416 ,Chronic pulmonary heart disease,Diseases of the circulatory system,2289,47,1.22,0.192411601,0.89,1.63
582.9 ,Chronic glomerulonephritis with...,Diseases of the genitourinary...,15266,310,1.21,0.0012809553,1.08,1.36
465.0 ,Acute laryngopharyngitis,Diseases of the respiratory system,69541,1376,1.21,0.0000000005516621,1.14,1.28
367.5 ,Disorders of accommodation,Diseases of the nervous system,1183,24,1.21,0.3644816564,0.77,1.8
474.0 ,Chronic tonsillitis,Diseases of the respiratory system,1861,38,1.21,0.2404131542,0.86,1.67
372.54 ,Conjunctival concretions,Diseases of the nervous system,10511,214,1.21,0.0066208755,1.05,1.39
704.8 ,Other specified diseases of hair...,Diseases of the skin and subcutaneous...,7270,148,1.21,0.024636808,1.02,1.43
380.13 ,Other acute infections of external...,Diseases of the nervous system,1033,21,1.21,0.3954580198,0.74,1.86
533.0 ,"Peptic ulcer, site unspecified...",Diseases of the digestive system,2941,60,1.21,0.1505476038,0.92,1.57
716.96 ,"Arthropathy, unspecified, lower...",Diseases of the musculoskeletal...,5586,114,1.21,0.0470922509,1,1.46
401.9 ,Unspecified essential hypertension,Diseases of the circulatory system,233870,4374,1.21,2.161594e-19,1.16,1.26
405.99 ,Other unspecified secondary hypertension,Diseases of the circulatory system,4464,91,1.21,0.0706855306,0.97,1.49
560.9 ,Unspecified intestinal obstruction,Diseases of the digestive system,7034,143,1.21,0.0284662319,1.02,1.43
427.3 ,Atrial fibrillation and flutter,Diseases of the circulatory system,2303,47,1.21,0.1940273826,0.89,1.62
724.00 ,"Spinal stenosis, unspecified region",Diseases of the musculoskeletal...,6283,127,1.2,0.0434082511,1,1.44
583.9 ,"Nephritis and nephropathy, not...",Diseases of the genitourinary...,8624,174,1.2,0.0204171351,1.03,1.4
592 ,Calculus of kidney and ureter,Diseases of the genitourinary...,4065,82,1.2,0.1117463964,0.95,1.49
933.0 ,Foreign body in pharynx,Injury and poisoning,3014,61,1.2,0.1558959917,0.92,1.55
365 ,Glaucoma,Diseases of the nervous system,4448,90,1.2,0.0898436071,0.96,1.48
463 ,Acute tonsillitis,Diseases of the respiratory system,75794,1488,1.2,0.0000000006392463,1.13,1.27
038 ,Septicemia,Infectious and parasitic diseases,4073,82,1.2,0.1122352023,0.95,1.49
147.9 ,"Malignant neoplasm of nasopharynx,...",Neoplasms,1690,34,1.2,0.2975002065,0.82,1.68
511.9 ,Unspecified pleural effusion,Diseases of the respiratory system,4446,90,1.2,0.0897518117,0.97,1.49
530.9 ,Unspecified disorder of esophagus,Diseases of the digestive system,3077,62,1.2,0.1603370766,0.92,1.54
380.23 ,Other chronic otitis externa,Diseases of the nervous system,4775,96,1.2,0.090297596,0.97,1.47
382.00 ,Acute suppurative otitis media...,Diseases of the nervous system,2179,44,1.2,0.2424838375,0.87,1.62
532 ,Duodenal ulcer,Diseases of the digestive system,6513,131,1.2,0.0471619063,1,1.42
276.7 ,Hyperpotassemia,"Endocrine, nutritional and metabolic...",1338,27,1.2,0.338150802,0.79,1.75
289.9 ,Unspecified diseases of blood...,Diseases of the blood and blood-forming...,1091,22,1.2,0.4083749396,0.75,1.82
402.91 ,Unspecified hypertensive heart...,Diseases of the circulatory system,5553,112,1.2,0.0595012485,0.98,1.45
427.81 ,Sinoatrial node dysfunction,Diseases of the circulatory system,2977,60,1.2,0.1747254102,0.91,1.55
728.8 ,"Other disorders of muscle, ligament...",Diseases of the musculoskeletal...,1601,32,1.19,0.3304224187,0.81,1.68
933.1 ,Foreign body in larynx,Injury and poisoning,2548,51,1.19,0.2172767821,0.88,1.57
366.16 ,Senile nuclear sclerosis,Diseases of the nervous system,28086,558,1.19,0.0001051492,1.09,1.3
472 ,Chronic pharyngitis and nasopharyngitis,Diseases of the respiratory system,2745,55,1.19,0.2061382326,0.89,1.56
367.0 ,Hypermetropia,Diseases of the nervous system,2996,60,1.19,0.1768984916,0.91,1.54
477 ,Allergic rhinitis,Diseases of the respiratory system,11900,237,1.19,0.0117530082,1.04,1.35
110.9 ,Dermatophytosis of unspecified...,Infectious and parasitic diseases,17168,343,1.19,0.0019222928,1.07,1.33
692.0 ,Contact dermatitis and other eczema...,Diseases of the skin and subcutaneous...,13890,276,1.19,0.0068789541,1.05,1.34
372 ,Disorders of conjunctiva,Diseases of the nervous system,6537,131,1.19,0.0532103224,0.99,1.42
372.11 ,Simple chronic conjunctivitis,Diseases of the nervous system,27845,553,1.19,0.0001197071,1.09,1.3
211.3 ,Benign neoplasm of colon,Neoplasms,6360,127,1.19,0.0626523653,0.99,1.42
375.1 ,Other disorders of lacrimal gland,Diseases of the nervous system,1101,22,1.19,0.4111664843,0.74,1.81
266.9 ,Unspecified vitamin B deficiency,"Endocrine, nutritional and metabolic...",1548,31,1.19,0.3228386513,0.8,1.7
533.9 ,"Peptic ulcer, site unspecified,...",Diseases of the digestive system,27504,545,1.19,0.0001616129,1.09,1.3
533.91 ,"Peptic ulcer of unspecified site,...",Diseases of the digestive system,3008,60,1.19,0.2008744287,0.9,1.53
540.9 ,Acute appendicitis without mention...,Diseases of the digestive system,1451,29,1.19,0.3572883186,0.79,1.71
550.9 ,"Inguinal hernia, without mention...",Diseases of the digestive system,3192,64,1.19,0.1678849127,0.91,1.53
411.81 ,Acute coronary occlusion without...,Diseases of the circulatory system,3199,64,1.19,0.1686624446,0.91,1.52
569.0 ,Anal and rectal polyp,Diseases of the digestive system,2148,43,1.19,0.2743464544,0.86,1.61
429.9 ,"Heart disease, unspecified",Diseases of the circulatory system,15229,301,1.18,0.0066708291,1.05,1.32
727.03 ,Trigger finger (acquired),Diseases of the musculoskeletal...,3742,74,1.18,0.1807278911,0.92,1.48
462 ,Acute pharyngitis,Diseases of the respiratory system,84771,1642,1.18,0.0000000023005247,1.12,1.25
602.9 ,Unspecified disorder of prostate,Diseases of the genitourinary...,1056,21,1.18,0.4036574733,0.73,1.82
473 ,Chronic sinusitis,Diseases of the respiratory system,1508,30,1.18,0.3664524481,0.79,1.69
786.4 ,Abnormal sputum,"Comorbidities, signs, and ill-defined...",1104,22,1.18,0.4121395208,0.74,1.8
692.70 ,Unspecified dermatitis due to...,Diseases of the skin and subcutaneous...,1154,23,1.18,0.4217085651,0.75,1.79
706.2 ,Sebaceous cyst,Diseases of the skin and subcutaneous...,3120,62,1.18,0.2090830684,0.9,1.52
374.05 ,Trichiasis of eyelid without entropion,Diseases of the nervous system,33170,650,1.18,0.0001176068,1.08,1.27
379.24 ,Other vitreous opacities,Diseases of the nervous system,7980,158,1.18,0.0487452943,1,1.38
250.01 ,Diabetes mellitus without mention...,"Endocrine, nutritional and metabolic...",2872,57,1.18,0.2167643144,0.89,1.53
274.10 ,"Gouty nephropathy, unspecified","Endocrine, nutritional and metabolic...",2057,41,1.18,0.2655940258,0.85,1.61
389.9 ,Unspecified hearing loss,Diseases of the nervous system,14986,296,1.18,0.006913218,1.04,1.32
564.5 ,Functional diarrhea,Diseases of the digestive system,12761,253,1.18,0.0111131343,1.04,1.34
573.8 ,Other specified disorders of liver,Diseases of the digestive system,2273,45,1.18,0.2880590946,0.85,1.58
574.20 ,Calculus of gallbladder without...,Diseases of the digestive system,11762,231,1.17,0.0225888396,1.02,1.33
592.0 ,Calculus of kidney,Diseases of the genitourinary...,16934,332,1.17,0.00637828,1.04,1.31
009.0 ,"Infectious colitis, enteritis,...",Infectious and parasitic diseases,17454,342,1.17,0.0059904746,1.05,1.3
011.00 ,"Tuberculosis of lung, infiltrative,...",Infectious and parasitic diseases,2736,54,1.17,0.2344325042,0.88,1.54
464.1 ,Acute tracheitis,Diseases of the respiratory system,7112,140,1.17,0.0706960364,0.98,1.39
366 ,Cataract,Diseases of the nervous system,22350,436,1.17,0.0024967176,1.06,1.28
682.1 ,Cellulitis and abscess of neck,Diseases of the skin and subcutaneous...,1067,21,1.17,0.4738260185,0.72,1.8
472.2 ,Chronic nasopharyngitis,Diseases of the respiratory system,6636,131,1.17,0.0759554862,0.98,1.4
372.3 ,Other and unspecified conjunctivitis,Diseases of the nervous system,7646,150,1.17,0.0667636675,0.98,1.37
493.01 ,Extrinsic asthma with status asthmaticus,Diseases of the respiratory system,1112,22,1.17,0.415033258,0.73,1.79
530.2 ,Ulcer of esophagus,Diseases of the digestive system,5538,109,1.17,0.1155222033,0.96,1.42
410.9 ,Acute myocardial infarction of...,Diseases of the circulatory system,1720,34,1.17,0.3477824952,0.81,1.65
413 ,Angina pectoris,Diseases of the circulatory system,9887,194,1.17,0.036775772,1.01,1.35
722 ,Intervertebral disc disorders,Diseases of the musculoskeletal...,2133,42,1.17,0.3116653953,0.84,1.59
726 ,Peripheral enthesopathies and...,Diseases of the musculoskeletal...,1850,36,1.16,0.3662793839,0.81,1.61
592.1 ,Calculus of ureter,Diseases of the genitourinary...,8266,161,1.16,0.0707224825,0.98,1.36
366.5 ,After-cataract,Diseases of the nervous system,3165,62,1.16,0.2391169221,0.89,1.5
110.5 ,Dermatophytosis of the body,Infectious and parasitic diseases,17468,341,1.16,0.0072093572,1.04,1.3
477.9 ,"Allergic rhinitis, cause unspecified",Diseases of the respiratory system,71141,1364,1.16,0.00000066730421,1.1,1.23
137.0 ,Late effects of respiratory or...,Infectious and parasitic diseases,12134,237,1.16,0.0247633775,1.02,1.33
372.1 ,Chronic conjunctivitis,Diseases of the nervous system,49671,954,1.16,0.0000388376,1.08,1.24
698.3 ,Lichenification and lichen simplex...,Diseases of the skin and subcutaneous...,20609,399,1.16,0.005842304,1.04,1.28
215.9 ,Other benign neoplasm of connective...,Neoplasms,3283,64,1.16,0.2476933063,0.89,1.48
374.30 ,"Ptosis of eyelid, unspecified",Diseases of the nervous system,2555,50,1.16,0.2812958403,0.86,1.54
380.15 ,Chronic mycotic otitis externa,Diseases of the nervous system,11539,224,1.16,0.0373201558,1.01,1.32
274.9 ,"Gout, unspecified","Endocrine, nutritional and metabolic...",68671,1318,1.16,0.00000094270313,1.09,1.23
535.4 ,Other specified gastritis,Diseases of the digestive system,5242,102,1.16,0.146002512,0.94,1.41
402 ,Hypertensive heart disease,Diseases of the circulatory system,36766,709,1.16,0.000308734,1.07,1.25
413.9 ,Other and unspecified angina pectoris,Diseases of the circulatory system,45553,881,1.16,0.000033964,1.08,1.25
424.1 ,Aortic valve disorders,Diseases of the circulatory system,9570,186,1.16,0.0546706015,0.99,1.34
427 ,Cardiac dysrhythmias,Diseases of the circulatory system,11977,234,1.16,0.0261418211,1.02,1.33
427.31 ,Atrial fibrillation,Diseases of the circulatory system,13892,270,1.16,0.0213057658,1.02,1.31
454.9 ,Asymptomatic varicose veins,Diseases of the circulatory system,4096,79,1.15,0.2237848231,0.9,1.43
011.9 ,"Pulmonary TB, unspecified",Infectious and parasitic diseases,3816,74,1.15,0.2306641737,0.9,1.45
470 ,Deviated nasal septum,Diseases of the respiratory system,5497,106,1.15,0.1711448813,0.94,1.39
370.00 ,"Corneal ulcer, unspecified",Diseases of the nervous system,2109,41,1.15,0.3512718178,0.83,1.57
137 ,Late effects of TB,Infectious and parasitic diseases,5787,112,1.15,0.1507255445,0.94,1.39
372.30 ,"Conjunctivitis, unspecified",Diseases of the nervous system,87490,1660,1.15,0.00000029972159,1.09,1.22
214.9 ,"Lipoma, unspecified site",Neoplasms,1035,20,1.15,0.5443464506,0.7,1.78
705.81 ,Dyshidrosis,Diseases of the skin and subcutaneous...,3162,61,1.15,0.2985889246,0.87,1.48
373.12 ,Hordeolum internum,Diseases of the nervous system,5748,111,1.15,0.1498392244,0.94,1.39
380.10 ,"Infective otitis externa, unspecified",Diseases of the nervous system,29752,570,1.15,0.0022407304,1.05,1.25
274 ,Gout,"Endocrine, nutritional and metabolic...",16636,321,1.15,0.0170928527,1.02,1.29
388.3 ,Tinitus,Diseases of the nervous system,8421,163,1.15,0.0804984679,0.98,1.35
402.11 ,Benign hypertensive heart disease...,Diseases of the circulatory system,7419,144,1.15,0.0932015871,0.97,1.36
719.9 ,Unspecified disorder of joint,Diseases of the musculoskeletal...,1750,34,1.15,0.402150697,0.8,1.62
569.3 ,Hemorrhage of rectum and anus,Diseases of the digestive system,3255,63,1.15,0.2745851515,0.88,1.48
722.10 ,Displacement of lumbar intervertebral...,Diseases of the musculoskeletal...,11009,212,1.15,0.0565878578,0.99,1.31
433.1 ,Carotid artery occlusion and stenosis,Diseases of the circulatory system,2337,45,1.14,0.3754274744,0.83,1.54
592.9 ,"Urinary calculus, unspecified",Diseases of the genitourinary...,13166,252,1.14,0.0469714208,1,1.29
358.9 ,"Myoneural disorders, unspecified",Diseases of the nervous system,1926,37,1.14,0.4244638766,0.8,1.58
596.9 ,Unspecified disorder of bladder,Diseases of the genitourinary...,1192,23,1.14,0.4985561999,0.72,1.73
599.8 ,Other specified disorders of urethra...,Diseases of the genitourinary...,1970,38,1.14,0.3813787893,0.81,1.58
366.00 ,"Nonsenile cataract, unspecified",Diseases of the nervous system,2130,41,1.14,0.3986524565,0.82,1.56
366.53 ,"After-cataract, obscuring vision",Diseases of the nervous system,5976,115,1.14,0.1574753605,0.94,1.38
371.89 ,Other corneal disorders,Diseases of the nervous system,1042,20,1.14,0.5460544217,0.69,1.77
153 ,Malignant colon neoplasm,Neoplasms,2243,43,1.14,0.4107056248,0.82,1.54
372.10 ,"Chronic conjunctivitis, unspecified",Diseases of the nervous system,135803,2525,1.14,0.000000028383733,1.09,1.2
493.91 ,"Asthma, unspecified type, with...",Diseases of the respiratory system,6171,118,1.14,0.1795017383,0.94,1.36
533.50 ,Chronic or unspecified peptic...,Diseases of the digestive system,2659,51,1.14,0.3645749368,0.84,1.5
550.90 ,"Inguinal hernia, without mention...",Diseases of the digestive system,10229,196,1.14,0.0747680378,0.98,1.31
414.0 ,Coronary atherosclerosis,Diseases of the circulatory system,61677,1171,1.14,0.0000262038,1.07,1.22
575.1 ,Other cholecystitis,Diseases of the digestive system,2157,41,1.13,0.4502805194,0.81,1.54
362.51 ,Nonexudative senile macular degeneration,Diseases of the nervous system,2950,56,1.13,0.3892805821,0.85,1.47
629.9 ,Unspecified disorder of female...,Diseases of the genitourinary...,1106,21,1.13,0.558352127,0.69,1.73
070.9 ,Unspecified viral hepatitis without...,Infectious and parasitic diseases,4048,77,1.13,0.2975319852,0.89,1.42
110.2 ,Dermatophytosis of hand,Infectious and parasitic diseases,2995,57,1.13,0.3549756331,0.85,1.47
372.4 ,Pterygium,Diseases of the nervous system,2846,54,1.13,0.3810568342,0.84,1.47
700 ,Corns and callosities,Diseases of the skin and subcutaneous...,5892,112,1.13,0.2037774268,0.93,1.36
701.1 ,"Keratoderma, acquired",Diseases of the skin and subcutaneous...,6443,123,1.13,0.1730704615,0.94,1.36
799.9 ,Other unknown and unspecified...,"Comorbidities, signs, and ill-defined...",3209,61,1.13,0.3361980002,0.86,1.45
493.9 ,"Asthma, unspecified",Diseases of the respiratory system,11418,217,1.13,0.078155355,0.98,1.29
706.3 ,Seborrhea,Diseases of the skin and subcutaneous...,8614,164,1.13,0.119010222,0.96,1.32
280.0 ,Iron deficiency anemia secondary...,Diseases of the blood and blood-forming...,2099,40,1.13,0.4441031905,0.8,1.55
716.99 ,"Arthropathy, unspecified, multiple...",Diseases of the musculoskeletal...,3194,61,1.13,0.3344326491,0.86,1.46
424.90 ,"Endocarditis, valve unspecified,...",Diseases of the circulatory system,2055,39,1.13,0.4400095408,0.8,1.55
583 ,"Nephritis and nephropathy, not...",Diseases of the genitourinary...,3349,63,1.12,0.3815562014,0.85,1.43
444.9 ,Embolism and thrombosis of unspecified...,Diseases of the circulatory system,1428,27,1.12,0.5363979372,0.74,1.64
366.12 ,Incipient senile cataract,Diseases of the nervous system,2116,40,1.12,0.4467969311,0.8,1.53
681.9 ,Cellulitis and abscess of unspecified...,Diseases of the skin and subcutaneous...,3715,70,1.12,0.3381886267,0.87,1.42
366.9 ,Unspecified cataract,Diseases of the nervous system,26539,499,1.12,0.0145605124,1.02,1.23
784.2 ,"Swelling, mass, or lump in head...","Comorbidities, signs, and ill-defined...",2275,43,1.12,0.4622759093,0.81,1.52
367.20 ,"Astigmatism, unspecified",Diseases of the nervous system,1849,35,1.12,0.4694048382,0.78,1.57
473.8 ,Other chronic sinusitis,Diseases of the respiratory system,1751,33,1.12,0.5147546695,0.77,1.58
692.4 ,Contact dermatitis and other eczema...,Diseases of the skin and subcutaneous...,5839,110,1.12,0.2403670021,0.92,1.35
372.8 ,Other disorders of conjunctiva,Diseases of the nervous system,1160,22,1.12,0.5672937489,0.7,1.71
493.2 ,Chronic obstructive asthma with...,Diseases of the respiratory system,5772,109,1.12,0.2374540764,0.92,1.36
216.7 ,Benign neoplasm of skin of lower...,Neoplasms,1213,23,1.12,0.5756876164,0.71,1.7
518.81 ,Acute respiratory failure,Diseases of the respiratory system,5075,96,1.12,0.2733227828,0.91,1.38
379.21 ,Vitreous degeneration,Diseases of the nervous system,2443,46,1.12,0.4314896604,0.81,1.5
710.2 ,Sicca syndrome,Diseases of the musculoskeletal...,3352,63,1.12,0.3818851676,0.85,1.43
530.1 ,Esophagitis,Diseases of the digestive system,23986,452,1.12,0.0183366077,1.02,1.24
388.2 ,"Sudden hearing loss, unspecified",Diseases of the nervous system,1904,36,1.12,0.4755616888,0.78,1.56
550 ,Inguinsl hernia,Diseases of the digestive system,2542,48,1.12,0.4396981438,0.82,1.49
574.50 ,Calculus of bile duct without...,Diseases of the digestive system,2348,44,1.11,0.4697694956,0.8,1.5
580 ,Acute glomerulonephritis,Diseases of the genitourinary...,1871,35,1.11,0.5286344668,0.77,1.55
365.23 ,Chronic angle-closure glaucoma,Diseases of the nervous system,5865,110,1.11,0.2623324776,0.91,1.35
366.04 ,Nuclear cataract,Diseases of the nervous system,1118,21,1.11,0.5620476863,0.69,1.71
367.9 ,Unspecified disorder of refraction...,Diseases of the nervous system,9609,179,1.11,0.1873472194,0.95,1.28
690 ,Erythematosquamous dermatosis,Diseases of the skin and subcutaneous...,22271,415,1.11,0.0435036408,1,1.23
492 ,Emphysema,Diseases of the respiratory system,7857,147,1.11,0.216692619,0.94,1.31
373.0 ,Blepharitis,Diseases of the nervous system,4436,83,1.11,0.3488802756,0.88,1.38
710.9 ,Unspecified diffuse connective...,Diseases of the musculoskeletal...,1383,26,1.11,0.5312716861,0.73,1.64
379.90 ,"Disorder of eye, unspecified",Diseases of the nervous system,1822,34,1.11,0.5238303155,0.76,1.55
250.4 ,Diabetes with renal manifestations,"Endocrine, nutritional and metabolic...",4025,75,1.11,0.3896928738,0.87,1.39
272.2 ,Mixed hyperlipidemia,"Endocrine, nutritional and metabolic...",25283,470,1.11,0.0356956681,1.01,1.22
717.9 ,Unspecified internal derangement...,Diseases of the musculoskeletal...,1652,31,1.11,0.5651543644,0.75,1.59
588 ,Disorders resulting from impaired...,Diseases of the genitourinary...,1503,28,1.1,0.5482459513,0.73,1.6
949.0 ,"Burn of unspecified site, unspecified...",Injury and poisoning,2914,54,1.1,0.4709868352,0.82,1.44
455.8 ,Unspecified hemorrhoids with other...,Diseases of the circulatory system,7717,143,1.1,0.2658274517,0.92,1.3
737.30 ,"Scoliosis [and kyphoscoliosis],...",Diseases of the musculoskeletal...,1185,22,1.1,0.6505541435,0.69,1.68
478 ,Other diseases of upper respiratory...,Diseases of the respiratory system,2206,41,1.1,0.5077701107,0.79,1.5
370.49 ,Other keratoconjunctivitis,Diseases of the nervous system,3567,66,1.1,0.4341884847,0.85,1.4
375.15 ,"Tear film insufficiency, unspecified",Diseases of the nervous system,20391,378,1.1,0.0674283261,0.99,1.22
380.4 ,Impacted cerumen,Diseases of the nervous system,27977,518,1.1,0.0339114916,1.01,1.21
555.1 ,Regional enteritis of large intestine,Diseases of the digestive system,1669,31,1.1,0.5676830355,0.75,1.57
403.90 ,"Hypertensive chronic kidney disease,...",Diseases of the circulatory system,2264,42,1.1,0.5131521616,0.79,1.49
411.0 ,Postmyocardial infarction syndrome,Diseases of the circulatory system,2321,43,1.1,0.518218269,0.79,1.49
565.0 ,Anal fissure,Diseases of the digestive system,1992,37,1.1,0.5415483664,0.77,1.52
593.9 ,Unspecified disorder of kidney...,Diseases of the genitourinary...,3199,59,1.09,0.4909510303,0.83,1.42
455.6 ,Unspecified hemorrhoids without...,Diseases of the circulatory system,25081,461,1.09,0.0633262981,0.99,1.2
464.21 ,Acute laryngotracheitis with obstruction,Diseases of the respiratory system,1577,29,1.09,0.6239859407,0.73,1.57
110.3 ,Dermatophytosis of groin and perianal...,Infectious and parasitic diseases,22459,413,1.09,0.0807961687,0.99,1.21
790.6 ,Other abnormal blood chemistry,"Comorbidities, signs, and ill-defined...",10968,201,1.09,0.245731739,0.94,1.25
720.0 ,Ankylosing spondylitis,Diseases of the musculoskeletal...,2984,55,1.09,0.5209082653,0.82,1.43
362.0 ,Diabetic retinopathy,Diseases of the nervous system,3084,56,1.08,0.5747302786,0.81,1.4
455 ,Hemorrhoids,Diseases of the circulatory system,6411,117,1.08,0.3804799814,0.89,1.3
599.7 ,Hematuria,Diseases of the genitourinary...,25118,458,1.08,0.0929654084,0.98,1.19
077.1 ,Epidemic keratoconjunctivitis,Infectious and parasitic diseases,4070,74,1.08,0.5019024732,0.84,1.36
373.11 ,Hordeolum externum,Diseases of the nervous system,6391,116,1.08,0.4344490343,0.89,1.29
374.00 ,"Entropion, unspecified",Diseases of the nervous system,4944,90,1.08,0.4708239647,0.87,1.33
533.3 ,"Peptic ulcer, site unspecified,...",Diseases of the digestive system,1805,33,1.08,0.6466142777,0.74,1.53
402.9 ,Hypertensive heart disease unspecified,Diseases of the circulatory system,27957,509,1.08,0.0818859859,0.99,1.19
571.4 ,Chronic hepatitis,Diseases of the digestive system,23149,419,1.08,0.1515394025,0.97,1.19
597 ,"Urethritis, not sexually transmitted,...",Diseases of the genitourinary...,1655,30,1.07,0.7016593115,0.72,1.54
365.11 ,Primary open angle glaucoma,Diseases of the nervous system,3828,69,1.07,0.5709248814,0.83,1.36
684 ,Impetigo,Diseases of the skin and subcutaneous...,2667,48,1.07,0.6508889271,0.78,1.42
493.0 ,Extrinsic asthma,Diseases of the respiratory system,1272,23,1.07,0.7430077671,0.68,1.62
705.1 ,Prickly heat,Diseases of the skin and subcutaneous...,2113,38,1.07,0.6720653193,0.75,1.47
379.8 ,Other specified disorders of eye...,Diseases of the nervous system,2543,46,1.07,0.6430101768,0.78,1.44
533.7 ,"Peptic ulcer, site unspecified,...",Diseases of the digestive system,1333,24,1.07,0.7487964417,0.68,1.6
402.90 ,Unspecified hypertensive heart...,Diseases of the circulatory system,99611,1772,1.07,0.016420523,1.01,1.12
571.49 ,Other chronic hepatitis,Diseases of the digestive system,5492,99,1.07,0.4940057703,0.87,1.31
362.10 ,"Background retinopathy, unspecified",Diseases of the nervous system,3638,65,1.06,0.6510468389,0.81,1.35
729.9 ,Other and unspecified disorders...,Diseases of the musculoskeletal...,3016,54,1.06,0.6703532615,0.79,1.39
461.9 ,"Acute sinusitis, unspecified",Diseases of the respiratory system,48770,867,1.06,0.1171893905,0.99,1.14
366.1 ,Senile cataract,Diseases of the nervous system,40160,714,1.06,0.158732165,0.98,1.14
366.8 ,Other cataract,Diseases of the nervous system,3746,67,1.06,0.6108264871,0.82,1.35
367.4 ,Presbyopia,Diseases of the nervous system,13839,248,1.06,0.349351229,0.93,1.21
110.4 ,Dermatophytosis of foot,Infectious and parasitic diseases,53052,944,1.06,0.0951986107,0.99,1.13
370.23 ,Filamentary keratitis,Diseases of the nervous system,2962,53,1.06,0.6675831795,0.79,1.39
370.33 ,"Keratoconjunctivitis sicca, not...",Diseases of the nervous system,2570,46,1.06,0.6456805863,0.77,1.42
153.9 ,"Malignant neoplasm of colon, unspecified...",Neoplasms,8536,152,1.06,0.4982293609,0.89,1.24
693.9 ,Dermatitis due to unspecified...,Diseases of the skin and subcutaneous...,5817,104,1.06,0.5394221013,0.86,1.29
374.0 ,Entropion and trichiasis of eyelid,Diseases of the nervous system,4678,84,1.06,0.5685638397,0.85,1.32
519.9 ,Unspecified disease of respiratory...,Diseases of the respiratory system,4082,73,1.06,0.6254519096,0.83,1.34
721.9 ,Spondylosis of unspecified site,Diseases of the musculoskeletal...,3289,59,1.06,0.6344087346,0.81,1.38
440.8 ,Atherosclerosis of other specified...,Diseases of the circulatory system,2251,40,1.05,0.7426247941,0.75,1.44
357.8 ,Other inflammatory and toxic neuropathy,Diseases of the nervous system,1471,26,1.05,0.7612531983,0.68,1.54
365.9 ,Unspecified glaucoma,Diseases of the nervous system,14464,257,1.05,0.4134784913,0.93,1.19
464.2 ,Acute larygotracheitis,Diseases of the respiratory system,2363,42,1.05,0.6895331172,0.76,1.43
110 ,Dermatophytosis,Infectious and parasitic diseases,3226,57,1.05,0.7316011231,0.79,1.36
487 ,Influenza,Diseases of the respiratory system,17152,304,1.05,0.3990862435,0.93,1.18
372.14 ,Other chronic allergic conjunctivitis,Diseases of the nervous system,26414,469,1.05,0.270501567,0.96,1.16
272.1 ,Pure hyperglyceridemia,"Endocrine, nutritional and metabolic...",6599,117,1.05,0.5968725187,0.87,1.26
533.10 ,Acute peptic ulcer of unspecified...,Diseases of the digestive system,1408,25,1.05,0.7559134857,0.68,1.56
424.0 ,Mitral valve disorders,Diseases of the circulatory system,9928,176,1.05,0.5040740521,0.9,1.22
576.1 ,Cholangitis,Diseases of the digestive system,2513,44,1.04,0.8156727055,0.75,1.4
440.9 ,Generalized and unspecified atherosclerosis,Diseases of the circulatory system,11233,198,1.04,0.5294810866,0.9,1.2
365.04 ,Ocular hypertension,Diseases of the nervous system,1366,24,1.04,0.8330177665,0.66,1.56
078.1 ,Viral warts,Infectious and parasitic diseases,20054,351,1.04,0.5026652068,0.93,1.16
791.0 ,Proteinuria,"Comorbidities, signs, and ill-defined...",5469,96,1.04,0.673309374,0.84,1.27
381.4 ,"Nonsuppurative otitis media, not...",Diseases of the nervous system,2101,37,1.04,0.7987708552,0.73,1.44
897.0 ,Traumatic amputation of leg(s)...,Injury and poisoning,1310,23,1.04,0.8295822025,0.66,1.57
586 ,"Renal failure, unspecified",Diseases of the genitourinary...,7735,134,1.03,0.7557245495,0.86,1.22
053.19 ,Herpes zoster with other nervous...,Infectious and parasitic diseases,2637,46,1.03,0.8199951704,0.75,1.38
788.0 ,Renal colic,"Comorbidities, signs, and ill-defined...",4143,72,1.03,0.8085742718,0.8,1.3
189.0 ,"Malignant neoplasm of kidney,...",Neoplasms,1264,22,1.03,0.8270463275,0.64,1.57
402.0 ,"Hypertensive heart disease, malignant",Diseases of the circulatory system,1839,32,1.03,0.8558616106,0.7,1.46
412 ,Old myocardial infarction,Diseases of the circulatory system,7268,126,1.03,0.7484300428,0.85,1.23
444.22 ,Arterial embolism and thrombosis...,Diseases of the circulatory system,2958,51,1.02,0.8860832783,0.76,1.35
478.5 ,Other diseases of vocal cords,Diseases of the respiratory system,9545,165,1.02,0.748562246,0.87,1.2
708.8 ,Other specified urticaria,Diseases of the skin and subcutaneous...,4698,81,1.02,0.8201684803,0.81,1.27
709 ,Other disorders of skin and subcutaneous...,Diseases of the skin and subcutaneous...,1218,21,1.02,0.9110883007,0.63,1.57
272.0 ,Pure hypercholesterolemia,"Endocrine, nutritional and metabolic...",16193,280,1.02,0.6873041436,0.91,1.16
532.9 ,"Duodenal ulcer, unspecified as...",Diseases of the digestive system,4306,74,1.02,0.8586162179,0.8,1.28
569.89 ,Other specified disorders of intestine,Diseases of the digestive system,1392,24,1.02,0.9168170012,0.65,1.53
727.43 ,"Ganglion, unspecified",Diseases of the musculoskeletal...,1051,18,1.01,0.9044629133,0.6,1.61
362.5 ,Degeneration of macula and posterior...,Diseases of the nervous system,4681,80,1.01,0.9092455271,0.8,1.26
461.8 ,Other acute sinusitis,Diseases of the respiratory system,3580,61,1.01,0.9480690856,0.77,1.3
188.9 ,"Malignant neoplasm of bladder,...",Neoplasms,3676,63,1.01,0.8977247317,0.78,1.3
272 ,Disorders of lipoid metabolism,"Endocrine, nutritional and metabolic...",8475,144,1.01,0.9322817883,0.85,1.19
389.1 ,Sensorineural hearing loss,Diseases of the nervous system,5842,100,1.01,0.8782736371,0.82,1.24
784.49 ,Other voice and resonance disorders,"Comorbidities, signs, and ill-defined...",1066,18,1,1,0.59,1.59
693.8 ,Dermatitis due to other specified...,Diseases of the skin and subcutaneous...,1302,22,1,1,0.62,1.52
706.1 ,Other acne,Diseases of the skin and subcutaneous...,3621,61,1,1,0.76,1.28
531.9 ,"Gastric ulcer, unspecified as...",Diseases of the digestive system,5908,100,1,0.9595240231,0.81,1.22
394.1 ,Rheumatic mitral insufficiency,Diseases of the circulatory system,1187,20,1,1,0.61,1.55
722.1 ,Displacement of thoracic or lumbar...,Diseases of the musculoskeletal...,1661,28,1,1,0.66,1.45
574.10 ,Calculus of gallbladder with other...,Diseases of the digestive system,3216,54,0.99,1,0.74,1.3
577.1 ,Chronic pancreatitis,Diseases of the digestive system,1190,20,0.99,1,0.6,1.54
607.84 ,Impotence of organic origin,Diseases of the genitourinary...,11332,190,0.99,0.941285392,0.85,1.15
053 ,Herpes zoster,Infectious and parasitic diseases,2037,34,0.99,1,0.68,1.39
112.9 ,Candidiasis of unspecified site,Infectious and parasitic diseases,2022,34,0.99,1,0.69,1.4
799.1 ,Respiratory arrest,"Comorbidities, signs, and ill-defined...",1250,21,0.99,1,0.61,1.53
719.8 ,Other specified disorders of joint,Diseases of the musculoskeletal...,1200,20,0.99,1,0.6,1.53
302.72 ,Psychosexual dysfunction with...,Mental disorders,1726,29,0.99,1,0.66,1.43
594.1 ,Other calculus in bladder,Diseases of the genitourinary...,2291,38,0.98,1,0.69,1.35
372.02 ,Acute follicular conjunctivitis,Diseases of the nervous system,1328,22,0.98,1,0.61,1.49
693.1 ,Dermatitis due to food taken internally,Diseases of the skin and subcutaneous...,1146,19,0.98,1,0.59,1.54
155 ,Malignant liver and intrahepatic...,Neoplasms,1813,30,0.98,1,0.66,1.4
185 ,Malignant neoplasm of prostate,Neoplasms,10579,176,0.98,0.8788506105,0.84,1.14
706.8 ,Other specified diseases of sebaceous...,Diseases of the skin and subcutaneous...,7838,130,0.98,0.8945906484,0.82,1.17
380.2 ,Other otitis externa,Diseases of the nervous system,2173,36,0.98,1,0.68,1.36
402.1 ,"Hypertensive heart disease, benign",Diseases of the circulatory system,6109,101,0.98,0.8809059788,0.79,1.19
306.8 ,Other specified psychophysiological...,Mental disorders,2720,45,0.98,1,0.71,1.31
217 ,Benign neoplasm of breast,Neoplasms,1279,21,0.97,1,0.6,1.49
239.8 ,"Neoplasms of unspecified nature,...",Neoplasms,1032,17,0.97,1,0.57,1.57
272.4 ,Other and unspecified hyperlipidemia,"Endocrine, nutritional and metabolic...",57024,939,0.97,0.4092471867,0.91,1.04
011.40 ,"Tuberculous fibrosis of lung,...",Infectious and parasitic diseases,2404,39,0.96,0.8739479197,0.68,1.32
110.1 ,Dermatophytosis of nail,Infectious and parasitic diseases,33734,551,0.96,0.4193768563,0.88,1.05
053.9 ,Herpes zoster without mention...,Infectious and parasitic diseases,15359,246,0.95,0.4088481742,0.83,1.07
211.5 ,Benign neoplasm of liver and biliary...,Neoplasms,2001,32,0.95,0.861794904,0.64,1.34
216.5 ,"Benign neoplasm of skin of trunk,...",Neoplasms,1750,28,0.95,0.852657519,0.63,1.37
574.2 ,Calculus of gallbladder without...,Diseases of the digestive system,3089,49,0.94,0.7261244992,0.69,1.24
472.1 ,Chronic pharyngitis,Diseases of the respiratory system,19435,309,0.94,0.2813480013,0.83,1.05
382.4 ,Unspecified suppurative otitis...,Diseases of the nervous system,1196,19,0.94,0.9104151253,0.56,1.47
365.1 ,Open-angle glaucoma,Diseases of the nervous system,1581,25,0.93,0.8448264099,0.6,1.39
372.41 ,"Peripheral pterygium, stationary",Diseases of the nervous system,1083,17,0.93,0.9057625978,0.54,1.49
571.0 ,Alcoholic fatty liver,Diseases of the digestive system,1075,17,0.93,0.9055891827,0.54,1.5
729.0 ,"Rheumatism, unspecified and fibrositis",Diseases of the musculoskeletal...,6999,109,0.92,0.4271924206,0.75,1.11
571.8 ,Other chronic nonalcoholic liver...,Diseases of the digestive system,4481,70,0.92,0.5602931014,0.72,1.17
365.2 ,Primary angle-closure glaucoma,Diseases of the nervous system,2341,36,0.91,0.6296857188,0.63,1.26
367.1 ,Myopia,Diseases of the nervous system,2079,32,0.91,0.6697109951,0.62,1.29
702.1 ,Seborrheic keratosis,Diseases of the skin and subcutaneous...,6692,103,0.91,0.3643478651,0.74,1.1
374.01 ,Senile entropion,Diseases of the nervous system,1696,26,0.91,0.7055679253,0.59,1.33
565.1 ,Anal fistula,Diseases of the digestive system,1626,25,0.91,0.7003501618,0.59,1.35
725 ,Polymyalgia rheumatica,Diseases of the musculoskeletal...,2871,44,0.9,0.5614459969,0.66,1.22
433.2 ,Occlusion and stenosis of vertebral...,Diseases of the circulatory system,2419,37,0.9,0.6346453072,0.63,1.25
785.2 ,Undiagnosed cardiac murmurs,"Comorbidities, signs, and ill-defined...",1175,18,0.9,0.8201238428,0.53,1.44
151.9 ,"Malignant neoplasm of stomach,...",Neoplasms,4876,74,0.9,0.3719831233,0.7,1.13
709.0 ,Dyschromia,Diseases of the skin and subcutaneous...,2284,35,0.9,0.6253366412,0.63,1.26
365.20 ,"Primary angle-closure glaucoma,...",Diseases of the nervous system,2709,41,0.89,0.5493826338,0.64,1.22
162.9 ,Malignant neoplasm of bronchus...,Neoplasms,10698,162,0.89,0.1608979654,0.76,1.04
188 ,Malignant neoplasm of trigone...,Neoplasms,1264,19,0.89,0.7422818765,0.53,1.39
216.9 ,"Benign neoplasm of skin, site...",Neoplasms,12489,188,0.89,0.1061743679,0.76,1.03
768.5 ,Severe birth asphyxia,Certain conditions originating...,1146,17,0.88,0.7297572762,0.51,1.41
070 ,Viral hepatitis,Infectious and parasitic diseases,1135,17,0.88,0.7289877516,0.51,1.42
154 ,"Malignant rectum neoplasm, rectosigmoid...",Neoplasms,1277,19,0.88,0.6636290688,0.53,1.38
155.0 ,"Malignant neoplasm of liver, primary",Neoplasms,7476,111,0.88,0.1751272396,0.72,1.06
379.99 ,Other ill-defined disorders of...,Diseases of the nervous system,2870,43,0.88,0.4677660574,0.64,1.2
151 ,Malignant stomach neoplasm,Neoplasms,1424,21,0.87,0.6066522906,0.54,1.34
722.9 ,Other and unspecified disc disorder,Diseases of the musculoskeletal...,1091,16,0.87,0.7231969417,0.49,1.41
365.10 ,"Open-angle glaucoma, unspecified",Diseases of the nervous system,2267,33,0.86,0.4615105836,0.59,1.21
054.9 ,Herpes simplex without mention...,Infectious and parasitic diseases,5288,77,0.86,0.1980233753,0.68,1.08
402.01 ,Malignant hypertensive heart disease...,Diseases of the circulatory system,1370,20,0.86,0.5991853712,0.52,1.34
574.0 ,Calculus of gallbladder with acute...,Diseases of the digestive system,1516,22,0.86,0.548887601,0.53,1.3
695.89 ,Other specified erythematous conditions,Diseases of the skin and subcutaneous...,1947,28,0.85,0.4284026484,0.56,1.23
702.0 ,Actinic keratosis,Diseases of the skin and subcutaneous...,3761,54,0.85,0.2526670678,0.63,1.11
710.4 ,Polymyositis,Diseases of the musculoskeletal...,1037,15,0.85,0.6297901434,0.48,1.42
593.2 ,"Cyst of kidney, acquired",Diseases of the genitourinary...,4016,57,0.84,0.1966754965,0.63,1.09
453.8 ,"Venous thrombosis, NEC",Diseases of the circulatory system,1341,19,0.84,0.5236230366,0.5,1.31
154.1 ,Malignant neoplasm of rectum,Neoplasms,4567,65,0.84,0.1666039943,0.65,1.07
155.2 ,"Malignant neoplasm of liver, not...",Neoplasms,2607,37,0.84,0.3215344999,0.59,1.16
362.9 ,Unspecified retinal disorder,Diseases of the nervous system,1980,28,0.83,0.3823508922,0.55,1.21
302.70 ,"Psychosexual dysfunction, unspecified",Mental disorders,1364,19,0.82,0.4611562227,0.49,1.29
427.61 ,Supraventricular premature beats,Diseases of the circulatory system,1653,23,0.82,0.3898758322,0.52,1.24
505 ,"Pneumoconiosis, unspecified",Diseases of the respiratory system,4783,65,0.8,0.0802971842,0.62,1.02
277.3 ,Amyloidosis,"Endocrine, nutritional and metabolic...",1763,24,0.8,0.3533361918,0.51,1.2
367.89 ,Other disorders of refraction...,Diseases of the nervous system,4001,54,0.79,0.0963734128,0.6,1.04
440.0 ,Atherosclerosis of aorta,Diseases of the circulatory system,1502,20,0.78,0.316304782,0.48,1.22
362.52 ,Exudative senile macular degeneration,Diseases of the nervous system,1527,20,0.77,0.2746389386,0.47,1.2
154.0 ,Malignant neoplasm of rectosigmoid...,Neoplasms,1299,17,0.77,0.3317430102,0.45,1.24
500 ,Coal workers' pneumoconiosis,Diseases of the respiratory system,2740,36,0.77,0.1368116202,0.54,1.07
581 ,Nephrotic syndrome,Diseases of the genitourinary...,1319,17,0.76,0.333855561,0.44,1.22
076.9 ,"Trachoma, unspecified",Infectious and parasitic diseases,1316,17,0.76,0.3333788875,0.44,1.22
371.42 ,Recurrent erosion of cornea,Diseases of the nervous system,1261,16,0.75,0.274623056,0.43,1.22
157.9 ,"Malignant neoplasm of pancreas,...",Neoplasms,1180,15,0.75,0.3084423109,0.42,1.24
373.33 ,Xeroderma of eyelid,Diseases of the nervous system,1719,22,0.75,0.2218499818,0.47,1.15
362.56 ,Macular puckering,Diseases of the nervous system,1122,14,0.73,0.2959707351,0.4,1.24
366.19 ,Other and combined forms of senile...,Diseases of the nervous system,34783,440,0.73,0.00000000003776704,0.66,0.81
583.81 ,"Nephritis and nephropathy, not...",Diseases of the genitourinary...,1561,19,0.72,0.1676750204,0.43,1.12
306.4 ,Gastrointestinal malfunction arising...,Mental disorders,2903,35,0.71,0.0428049602,0.49,0.99
153.3 ,Malignant neoplasm of sigmoid...,Neoplasms,1433,17,0.7,0.1506490912,0.41,1.12
395.1 ,Rheumatic aortic insufficiency,Diseases of the circulatory system,1287,15,0.69,0.1589537029,0.38,1.14
410 ,Acute myocardial infarction,Diseases of the circulatory system,1715,20,0.69,0.1093517705,0.42,1.06
572.0 ,Abscess of liver,Diseases of the digestive system,1036,12,0.68,0.2258325708,0.35,1.2
478.4 ,Polyp of vocal cord or larynx,Diseases of the respiratory system,1246,14,0.66,0.1506113776,0.36,1.11
150.9 ,"Malignant neoplasm of esophagus,...",Neoplasms,1420,16,0.66,0.1203755601,0.38,1.08
404.9 ,"Hypertensive heart and renal diseas,...",Diseases of the circulatory system,1191,13,0.64,0.1150227543,0.34,1.1
362.6 ,Peripheral retinal degeneration,Diseases of the nervous system,1233,13,0.62,0.0955345388,0.33,1.06
242.90 ,Thyrotoxicosis without mention...,"Endocrine, nutritional and metabolic...",1958,20,0.6,0.0175858529,0.37,0.93
239.1 ,Neoplasm of unspecified nature...,Neoplasms,1100,11,0.59,0.078344458,0.29,1.06
362.36 ,Venous tributary (branch) occlusion,Diseases of the nervous system,1524,15,0.58,0.028309879,0.32,0.96
370.4 ,Other and unsppecified keratoconjunctivitis,Diseases of the nervous system,1048,10,0.56,0.0704556116,0.27,1.03
798.2 ,Death occurring in less than 24...,"Comorbidities, signs, and ill-defined...",1888,18,0.56,0.0093723403,0.33,0.89
312.00 ,"Undersocialized conduct disorder,...",Mental disorders,1459,12,0.48,0.0077598473,0.25,0.84
240.9 ,"Goiter, unspecified","Endocrine, nutritional and metabolic...",1231,8,0.38,0.0025491809,0.16,0.75
