disease_2,disease_name,category,count,co_occurrence,odds_ratio,p_value,95_ci_lower,95_ci_upper
493.2 ,Chronic obstructive asthma with...,Diseases of the respiratory system,1865,138,7.38,2.728457e-66,6.11,8.86
482 ,Other bacterial pneumonia,Diseases of the respiratory system,593,40,6.31,1.288309e-18,4.44,8.74
491.2 ,Obstructive chronic bronchitis,Diseases of the respiratory system,3549,213,6.16,5.428298e-86,5.28,7.15
493.9 ,"Asthma, unspecified",Diseases of the respiratory system,2878,165,5.69,1.939603e-63,4.79,6.72
786.1 ,Stridor,"Comorbidities, signs, and ill-defined...",874,50,5.31,7.411678e-20,3.89,7.11
786.09 ,Other respiratory abnormalities,"Comorbidities, signs, and ill-defined...",3513,184,5.22,7.942152e-65,4.43,6.11
786.5 ,Chest pain,"Comorbidities, signs, and ill-defined...",3617,179,4.89,2.046241e-59,4.15,5.74
428 ,Heart failure,Diseases of the circulatory system,3539,172,4.78,5.844107e-56,4.04,5.62
285 ,Other and unspecified anemias,Diseases of the blood and blood-forming...,606,30,4.51,0.00000000005916148,3,6.54
505 ,"Pneumoconiosis, unspecified",Diseases of the respiratory system,840,41,4.47,0.00000000000003114227,3.17,6.15
493 ,Asthma,Diseases of the respiratory system,4574,204,4.43,1.582951e-60,3.8,5.16
511.9 ,Unspecified pleural effusion,Diseases of the respiratory system,1720,80,4.33,3.957773e-25,3.4,5.46
496 ,"Chronic airway obstruction, not...",Diseases of the respiratory system,32545,889,4.28,3.25953e-171,3.86,4.74
799.1 ,Respiratory arrest,"Comorbidities, signs, and ill-defined...",734,34,4.21,0.00000000001928293,2.88,5.97
472.2 ,Chronic nasopharyngitis,Diseases of the respiratory system,1193,54,4.15,6.770006e-17,3.09,5.49
786.00 ,"Respiratory abnormality, unspecified","Comorbidities, signs, and ill-defined...",1649,73,4.1,8.123047e-22,3.18,5.21
492 ,Emphysema,Diseases of the respiratory system,2305,100,4.07,8.731628e-29,3.27,5.01
597 ,"Urethritis, not sexually transmitted,...",Diseases of the genitourinary...,562,25,4.02,0.000000018722176,2.57,6.02
162 ,"Malignant neoplasm, trachea, bronchus,...",Neoplasms,744,32,3.89,0.0000000004690163,2.63,5.57
428.1 ,Left heart failure,Diseases of the circulatory system,538,23,3.85,0.00000013807233,2.41,5.86
535 ,Gastritis and duodenitis,Diseases of the digestive system,4118,164,3.84,2.973606e-42,3.23,4.53
491 ,Chronic bronchitis,Diseases of the respiratory system,7946,295,3.83,7.043185e-71,3.35,4.36
011 ,Pulmoary tuberculosis,Infectious and parasitic diseases,1444,60,3.81,6.57408e-17,2.87,4.96
560 ,Intestinal obstruction without...,Diseases of the digestive system,766,32,3.78,0.0000000009537274,2.55,5.4
411 ,Other acute and subacute forms...,Diseases of the circulatory system,801,33,3.72,0.000000000742504,2.53,5.3
493.91 ,"Asthma, unspecified type, with...",Diseases of the respiratory system,1656,66,3.65,1.438002e-17,2.8,4.7
011.9 ,"Pulmonary TB, unspecified",Infectious and parasitic diseases,1255,49,3.55,0.0000000000004423365,2.6,4.74
491.21 ,Obstructive chronic bronchitis...,Diseases of the respiratory system,6233,223,3.53,4.040723e-50,3.04,4.08
518.81 ,Acute respiratory failure,Diseases of the respiratory system,2703,102,3.51,1.040186e-24,2.83,4.31
786.9 ,Other symptoms involving respiratory...,"Comorbidities, signs, and ill-defined...",569,22,3.47,0.0000013497422,2.15,5.32
578 ,Gastrointestinal hemorrhage,Diseases of the digestive system,621,23,3.31,0.0000016163746,2.08,5.04
486 ,"Pneumonia, organism unspecified",Diseases of the respiratory system,17264,494,3.22,8.462941e-85,2.89,3.59
724 ,Other and unspecified disorders...,Diseases of the musculoskeletal...,1241,44,3.2,0.0000000001451513,2.3,4.34
427.3 ,Atrial fibrillation and flutter,Diseases of the circulatory system,797,28,3.14,0.00000036230485,2.07,4.6
038 ,Septicemia,Infectious and parasitic diseases,1536,52,3.06,0.00000000001696473,2.26,4.05
491.1 ,Mucopurulent chronic bronchitis,Diseases of the respiratory system,3092,102,3.04,1.684955e-20,2.46,3.74
311 ,"Depressive disorder, not elsewhere...",Mental disorders,1368,46,3.03,0.0000000003049879,2.2,4.08
411.1 ,Intermediate coronary syndrome,Diseases of the circulatory system,889,30,3.02,0.00000032755667,2.02,4.36
536 ,Disorders of function of stomach,Diseases of the digestive system,4057,131,3.02,3.031551e-25,2.5,3.62
413.0 ,Angina decubitus,Diseases of the circulatory system,655,22,2.99,0.0000123987,1.86,4.59
493.21 ,Chronic obstructive asthma with...,Diseases of the respiratory system,2410,78,2.95,0.000000000000001613425,2.31,3.72
492.8 ,Other emphysema,Diseases of the respiratory system,4522,140,2.9,3.235503e-25,2.41,3.46
416 ,Chronic pulmonary heart disease,Diseases of the circulatory system,585,19,2.89,0.0000731889,1.72,4.56
532.9 ,"Duodenal ulcer, unspecified as...",Diseases of the digestive system,865,28,2.89,0.0000017694816,1.9,4.22
009 ,Ill-defined intestinal infections,Infectious and parasitic diseases,650,21,2.87,0.0000338892,1.76,4.45
428.0 ,"Congestive heart failure, unspecified",Diseases of the circulatory system,12995,360,2.86,1.892043e-55,2.53,3.23
783.0 ,Anorexia,"Comorbidities, signs, and ill-defined...",1546,49,2.85,0.0000000005778172,2.09,3.81
414 ,Other forms of chronic ischemic...,Diseases of the circulatory system,4957,150,2.84,8.012294e-26,2.38,3.37
799.4 ,Cachexia,"Comorbidities, signs, and ill-defined...",878,28,2.84,0.0000023460189,1.87,4.16
427 ,Cardiac dysrhythmias,Diseases of the circulatory system,3430,105,2.82,8.711132e-19,2.28,3.45
786.2 ,Cough,"Comorbidities, signs, and ill-defined...",14071,381,2.82,1.397208e-56,2.5,3.18
786.3 ,Hemoptysis,"Comorbidities, signs, and ill-defined...",1887,59,2.82,0.00000000001771652,2.13,3.68
578.0 ,Hematemesis,Diseases of the digestive system,629,20,2.82,0.0000639852,1.71,4.42
493.00 ,"Extrinsic asthma, unspecified",Diseases of the respiratory system,1535,48,2.81,0.0000000013261146,2.05,3.76
416.9 ,"Chronic pulmonary heart disease,...",Diseases of the circulatory system,924,29,2.8,0.0000021306886,1.86,4.06
574.2 ,Calculus of gallbladder without...,Diseases of the digestive system,634,20,2.8,0.0000712063,1.69,4.38
721.9 ,Spondylosis of unspecified site,Diseases of the musculoskeletal...,641,20,2.77,0.0000825289,1.68,4.33
533.0 ,"Peptic ulcer, site unspecified...",Diseases of the digestive system,707,22,2.76,0.000038922,1.72,4.23
290 ,Senile and presenile organic psychotic...,Mental disorders,2342,71,2.75,0.0000000000006574905,2.13,3.5
493.10 ,"Intrinsic asthma, unspecified",Diseases of the respiratory system,1007,31,2.74,0.0000014366471,1.85,3.94
780.5 ,Sleep disturbance,"Comorbidities, signs, and ill-defined...",5979,173,2.74,1.232442e-27,2.32,3.21
708 ,Urticaria,Diseases of the skin and subcutaneous...,1052,32,2.71,0.0000012599748,1.84,3.87
780.0 ,Alteration of consciousness,"Comorbidities, signs, and ill-defined...",1900,57,2.7,0.0000000001814759,2.03,3.53
785.1 ,Palpitations,"Comorbidities, signs, and ill-defined...",5743,165,2.7,4.234449e-26,2.28,3.19
595 ,Cystitis,Diseases of the genitourinary...,1915,57,2.68,0.0000000002422146,2.01,3.5
491.20 ,Obstructive chronic bronchitis...,Diseases of the respiratory system,7418,207,2.67,4.846569e-31,2.29,3.1
780 ,General symptoms,"Comorbidities, signs, and ill-defined...",907,27,2.65,0.0000120347,1.73,3.89
493.90 ,"Asthma, unspecified type, unspecified",Diseases of the respiratory system,13288,345,2.64,1.54703e-46,2.33,2.98
276.1 ,Hyposmolality and/or hyponatremia,"Endocrine, nutritional and metabolic...",1122,33,2.62,0.0000017776598,1.79,3.72
575.0 ,Acute cholecystitis,Diseases of the digestive system,645,19,2.61,0.000252647,1.56,4.12
401.0 ,Malignant essential hypertension,Diseases of the circulatory system,2752,79,2.6,0.0000000000007960056,2.04,3.28
784.1 ,Throat pain,"Comorbidities, signs, and ill-defined...",1278,37,2.58,0.00000094358278,1.8,3.59
715.0 ,"Osteoarthrosis, generalized",Diseases of the musculoskeletal...,1038,30,2.57,0.000007176083,1.72,3.71
493.20 ,"Chronic obstructive asthma, unspecified",Diseases of the respiratory system,4522,126,2.57,6.155389e-19,2.12,3.1
477 ,Allergic rhinitis,Diseases of the respiratory system,2359,67,2.56,0.00000000007357077,1.97,3.28
494 ,Bronchiectasis,Diseases of the respiratory system,4089,114,2.56,2.497259e-17,2.09,3.11
532 ,Duodenal ulcer,Diseases of the digestive system,1395,40,2.56,0.00000036623001,1.81,3.52
533 ,"Peptic ulcer, site unspecified",Diseases of the digestive system,5261,145,2.56,2.677827e-21,2.14,3.05
428.9 ,"Heart failure, unspecified",Diseases of the circulatory system,7276,195,2.54,4.824054e-27,2.17,2.96
429.3 ,Cardiomegaly,Diseases of the circulatory system,1227,35,2.54,0.0000023063259,1.75,3.57
507.0 ,Pneumonitis due to inhalation...,Diseases of the respiratory system,522,15,2.54,0.0013731619,1.41,4.24
427.2 ,"Paroxysmal tachycardia, unspecified",Diseases of the circulatory system,558,16,2.53,0.000990358,1.43,4.16
162.9 ,Malignant neoplasm of bronchus...,Neoplasms,2906,81,2.53,0.000000000001193446,1.99,3.17
280 ,Iron deficiency anemias,Diseases of the blood and blood-forming...,805,23,2.53,0.0000943499,1.59,3.84
011.90 ,"Pulmonary tuberculosis, unspecified,...",Infectious and parasitic diseases,4169,114,2.51,1.009092e-16,2.05,3.05
429.2 ,"Cardiovascular disease, unspecified",Diseases of the circulatory system,1099,31,2.51,0.0000107796,1.69,3.59
437 ,Other and ill-defined cerebrovascular...,Diseases of the circulatory system,2000,56,2.51,0.0000000045648801,1.88,3.29
300.0 ,Anxiety states,Mental disorders,3519,97,2.51,0.00000000000001320942,2.02,3.1
780.2 ,Syncope and collapse,"Comorbidities, signs, and ill-defined...",4244,116,2.51,5.416531e-17,2.05,3.04
137 ,Late effects of TB,Infectious and parasitic diseases,1389,39,2.5,0.00000075554319,1.76,3.45
850 ,Concussion,Injury and poisoning,782,22,2.49,0.0001641997,1.55,3.81
727.0 ,Synovitis and tenosynovitis,Diseases of the musculoskeletal...,1516,42,2.47,0.00000037845234,1.77,3.37
429.9 ,"Heart disease, unspecified",Diseases of the circulatory system,4096,110,2.46,0.000000000000001337882,2,2.99
783.2 ,Abnormal loss of weight,"Comorbidities, signs, and ill-defined...",1420,39,2.44,0.0000011989914,1.72,3.38
276.8 ,Hypopotassemia,"Endocrine, nutritional and metabolic...",1246,34,2.42,0.0000066190759,1.66,3.42
729.5 ,Pain in limb,Diseases of the musculoskeletal...,2083,56,2.41,0.000000012668507,1.8,3.16
780.6 ,Fever,"Comorbidities, signs, and ill-defined...",14244,341,2.4,1.423572e-38,2.12,2.71
011.40 ,"Tuberculous fibrosis of lung,...",Infectious and parasitic diseases,664,18,2.39,0.0013649902,1.41,3.82
373.0 ,Blepharitis,Diseases of the nervous system,924,25,2.39,0.0001323762,1.54,3.57
531.9 ,"Gastric ulcer, unspecified as...",Diseases of the digestive system,1272,34,2.37,0.0000148631,1.63,3.35
786.50 ,"Chest pain, unspecified","Comorbidities, signs, and ill-defined...",7819,196,2.37,7.612766e-24,2.02,2.76
493.11 ,Intrinsic asthma with status asthmaticus,Diseases of the respiratory system,636,17,2.36,0.0020774741,1.36,3.82
362.60 ,"Peripheral retinal degeneration,...",Diseases of the nervous system,711,19,2.36,0.0010598382,1.41,3.72
535.0 ,Acute gastritis,Diseases of the digestive system,3917,101,2.35,0.0000000000002129097,1.89,2.88
413 ,Angina pectoris,Diseases of the circulatory system,2488,65,2.34,0.0000000034268452,1.79,3.02
110 ,Dermatophytosis,Infectious and parasitic diseases,602,16,2.34,0.0030108106,1.33,3.85
402 ,Hypertensive heart disease,Diseases of the circulatory system,8976,221,2.34,6.423617e-26,2.02,2.71
464.2 ,Acute larygotracheitis,Diseases of the respiratory system,528,14,2.33,0.0060786041,1.26,3.97
424.0 ,Mitral valve disorders,Diseases of the circulatory system,2393,62,2.32,0.000000010423697,1.76,3
251.2 ,"Hypoglycemia, unspecified","Endocrine, nutritional and metabolic...",722,19,2.32,0.0011886478,1.39,3.66
466 ,Acute bvronchitis and bronchiolitis,Diseases of the respiratory system,5325,133,2.3,4.064695e-16,1.9,2.75
698 ,Pruritus and related conditions,Diseases of the skin and subcutaneous...,1678,43,2.28,0.0000025717666,1.64,3.1
492.0 ,Emphysematous bleb,Diseases of the respiratory system,734,19,2.28,0.0013626972,1.36,3.6
386.0 ,Meniere's disease,Diseases of the nervous system,1402,36,2.28,0.0000136299,1.58,3.18
424.1 ,Aortic valve disorders,Diseases of the circulatory system,2811,71,2.27,0.000000002101999,1.76,2.89
692.5 ,Contact dermatitis and other eczema...,Diseases of the skin and subcutaneous...,699,18,2.27,0.0019326677,1.33,3.63
599.6 ,"Urinary obstruction, unspecified",Diseases of the genitourinary...,551,14,2.23,0.0073348433,1.21,3.79
682 ,Other cellulitis and abscess,Diseases of the skin and subcutaneous...,1599,40,2.22,0.0000090761268,1.57,3.05
038.9 ,Unspecified septicemia,Infectious and parasitic diseases,4258,104,2.22,0.000000000003176285,1.79,2.71
461 ,Acute sinusitis,Diseases of the respiratory system,597,15,2.21,0.005736543,1.23,3.69
535.5 ,Unspecified gastritis & gastroduodenitis,Diseases of the digestive system,2553,63,2.21,0.000000057825631,1.68,2.85
571.4 ,Chronic hepatitis,Diseases of the digestive system,3723,91,2.21,0.00000000005791078,1.76,2.74
300.02 ,Generalized anxiety disorder,Mental disorders,1341,33,2.18,0.0000839785,1.49,3.09
723.4 ,"Brachial neuritis or radiculitis,...",Diseases of the musculoskeletal...,606,15,2.18,0.0063256004,1.21,3.63
726.9 ,Unspecified enthesopathy,Diseases of the musculoskeletal...,727,18,2.18,0.0027101209,1.28,3.48
574 ,Cholelithiasis,Diseases of the digestive system,808,20,2.18,0.0023328232,1.32,3.4
575.1 ,Other cholecystitis,Diseases of the digestive system,525,13,2.18,0.0114387328,1.15,3.76
533.9 ,"Peptic ulcer, site unspecified,...",Diseases of the digestive system,5981,141,2.17,0.000000000000004061254,1.8,2.58
477.8 ,Allergic rhinitis due to other...,Diseases of the respiratory system,1105,27,2.16,0.0003432976,1.41,3.17
582 ,Chronic glomerulonephritis,Diseases of the genitourinary...,773,19,2.16,0.0033010131,1.29,3.41
491.8 ,Other chronic bronchitis,Diseases of the respiratory system,2575,62,2.15,0.00000012269771,1.64,2.78
401 ,Essential hypertension,Diseases of the circulatory system,10136,230,2.15,1.919129e-22,1.86,2.48
786.59 ,Other chest pain,"Comorbidities, signs, and ill-defined...",2886,69,2.14,0.000000031022578,1.65,2.73
276.5 ,Volume depletion,"Endocrine, nutritional and metabolic...",1589,38,2.12,0.0000439533,1.49,2.93
485 ,"Bronchopneumonia, organism unspecified",Diseases of the respiratory system,2268,54,2.12,0.0000013294631,1.58,2.79
780.7 ,Malaise and fatigue,"Comorbidities, signs, and ill-defined...",11804,261,2.12,5.844476e-24,1.84,2.42
715.1 ,"Osteoarthrosis, localized, primary",Diseases of the musculoskeletal...,624,15,2.11,0.0077656374,1.17,3.52
787.2 ,Dysphagia,"Comorbidities, signs, and ill-defined...",916,22,2.11,0.0015782862,1.31,3.23
599 ,Other disorders of urethra and...,Diseases of the genitourinary...,1509,36,2.11,0.0000790426,1.47,2.95
701.1 ,"Keratoderma, acquired",Diseases of the skin and subcutaneous...,1258,30,2.1,0.0002738667,1.41,3.03
250.6 ,Diabetes with neurological manifestations,"Endocrine, nutritional and metabolic...",886,21,2.09,0.0023155505,1.28,3.22
276.9 ,Electrolyte and fluid disorders...,"Endocrine, nutritional and metabolic...",1352,32,2.09,0.000179897,1.42,2.98
571 ,Chronic liver disease and cirrhosis,Diseases of the digestive system,970,23,2.09,0.0013703373,1.31,3.16
564 ,"Functional digestive disorders,...",Diseases of the digestive system,7971,179,2.08,5.59575e-17,1.77,2.44
593.9 ,Unspecified disorder of kidney...,Diseases of the genitourinary...,980,23,2.07,0.0022274149,1.3,3.13
995.3 ,"Allergy, unspecified, not elsewhere...",Injury and poisoning,1716,40,2.06,0.0000525828,1.46,2.83
530.2 ,Ulcer of esophagus,Diseases of the digestive system,1461,34,2.06,0.000177498,1.41,2.9
365 ,Glaucoma,Diseases of the nervous system,1025,24,2.06,0.0016816701,1.31,3.1
573.3 ,"Hepatitis, unspecified",Diseases of the digestive system,1460,34,2.06,0.0001761182,1.41,2.9
787.9 ,Other symptoms involving digestive...,"Comorbidities, signs, and ill-defined...",1463,34,2.05,0.0001803286,1.41,2.89
691 ,Atopic dermatitis and related...,Diseases of the skin and subcutaneous...,949,22,2.04,0.0031594173,1.27,3.12
276.7 ,Hyperpotassemia,"Endocrine, nutritional and metabolic...",560,13,2.04,0.0165323851,1.07,3.52
782.3 ,Edema,"Comorbidities, signs, and ill-defined...",14634,308,2.04,5.638904e-25,1.79,2.32
725 ,Polymyalgia rheumatica,Diseases of the musculoskeletal...,518,12,2.03,0.0216605226,1.04,3.59
379.31 ,Aphakia,Diseases of the nervous system,1129,26,2.03,0.0011178456,1.31,3
585 ,Chronic renal failure,Diseases of the genitourinary...,8733,191,2.03,5.505931e-17,1.74,2.37
153 ,Malignant colon neoplasm,Neoplasms,608,14,2.02,0.0194918416,1.09,3.43
719.48 ,"Pain in joint, other specified...",Diseases of the musculoskeletal...,737,17,2.02,0.0082067944,1.17,3.28
560.1 ,Paralytic ileus,Diseases of the digestive system,1660,38,2.02,0.0001091124,1.42,2.8
799.3 ,"Debility, unspecified","Comorbidities, signs, and ill-defined...",912,21,2.02,0.0043555468,1.24,3.12
455 ,Hemorrhoids,Diseases of the circulatory system,1451,33,2.01,0.0003026069,1.37,2.84
427.31 ,Atrial fibrillation,Diseases of the circulatory system,4553,101,2,0.0000000012968198,1.61,2.45
558 ,Other and unspecified noninfectious...,Diseases of the digestive system,1190,27,2,0.0014440032,1.31,2.93
891 ,"Open wound of knee, leg (except...",Injury and poisoning,922,21,2,0.0045684694,1.23,3.09
491.0 ,Simple chronic bronchitis,Diseases of the respiratory system,4526,100,1.99,0.0000000018300117,1.61,2.45
274 ,Gout,"Endocrine, nutritional and metabolic...",3701,82,1.98,0.000000051680099,1.57,2.49
491.9 ,Unspecified chronic bronchitis,Diseases of the respiratory system,21706,427,1.98,1.585699e-29,1.77,2.22
465 ,Acute upper respiratory infections...,Diseases of the respiratory system,9698,204,1.96,3.056139e-16,1.68,2.28
414.0 ,Coronary atherosclerosis,Diseases of the circulatory system,14926,302,1.95,8.219955e-22,1.71,2.21
427.0 ,Paroxysmal supraventricular tachycardia,Diseases of the circulatory system,1086,24,1.94,0.0037709434,1.23,2.92
464.1 ,Acute tracheitis,Diseases of the respiratory system,1682,37,1.94,0.0003108174,1.36,2.7
372.9 ,Unspecified disorder of conjunctiva,Diseases of the nervous system,996,22,1.94,0.0043080606,1.21,2.96
386.2 ,Vertigo of central origin,Diseases of the nervous system,2798,61,1.94,0.0000041466656,1.47,2.51
719.4 ,Pain in joint,Diseases of the musculoskeletal...,2906,63,1.93,0.0000039511115,1.47,2.49
482.9 ,"Bacterial pneumonia, unspecified",Diseases of the respiratory system,1735,38,1.93,0.000254312,1.36,2.68
787.0 ,Nausea and vomiting,"Comorbidities, signs, and ill-defined...",6015,128,1.93,0.00000000008968554,1.6,2.32
372.2 ,Blepharoconjunctivitis,Diseases of the nervous system,1049,23,1.93,0.0051282229,1.21,2.92
571.49 ,Other chronic hepatitis,Diseases of the digestive system,864,19,1.93,0.0093555459,1.15,3.04
995.2 ,Unspecified adverse effect od...,Injury and poisoning,593,13,1.92,0.0306372194,1.01,3.32
577.0 ,Acute pancreatitis,Diseases of the digestive system,686,15,1.92,0.0186136121,1.06,3.19
458.9 ,"Hypotension, unspecified",Diseases of the circulatory system,874,19,1.91,0.0099453201,1.14,3.01
789.0 ,Abdominal pain,"Comorbidities, signs, and ill-defined...",27426,509,1.91,3.832711e-30,1.72,2.13
693.9 ,Dermatitis due to unspecified...,Diseases of the skin and subcutaneous...,1483,32,1.9,0.0009094526,1.29,2.7
714.0 ,Rheumatoid arthritis,Diseases of the musculoskeletal...,2615,56,1.9,0.0000177176,1.42,2.49
820 ,Fracture of neck of femur,Injury and poisoning,784,17,1.9,0.0169164407,1.1,3.07
386 ,Vertiginous syndromes and other...,Diseases of the nervous system,3236,69,1.9,0.0000024686777,1.47,2.42
386.11 ,Benign paroxysmal positional vertigo,Diseases of the nervous system,1965,42,1.89,0.0002555031,1.35,2.57
894 ,Multiple and unspecified open...,Injury and poisoning,603,13,1.89,0.0327125307,1,3.26
411.89 ,Other acute and subacute forms...,Diseases of the circulatory system,1647,35,1.87,0.000712421,1.29,2.63
716.9 ,"Arthropathy, unspecified",Diseases of the musculoskeletal...,4753,99,1.87,0.000000037068055,1.51,2.3
294.9 ,Unspecified persistent mental...,Mental disorders,844,18,1.87,0.0141282157,1.1,2.98
924.20 ,Contusion of foot,Injury and poisoning,560,12,1.87,0.0433463201,0.96,3.31
715 ,Osteoarthrosis and allied disorders,Diseases of the musculoskeletal...,5125,106,1.86,0.000000016770677,1.51,2.27
464 ,Acute laryngitis and tracheitis,Diseases of the respiratory system,3396,71,1.86,0.0000029665345,1.44,2.37
721.4 ,Thoracic or lumbar spondylosis...,Diseases of the musculoskeletal...,563,12,1.86,0.0441488777,0.96,3.29
807.00 ,"Closed fracture of rib(s), unspecified",Injury and poisoning,705,15,1.86,0.0309491988,1.03,3.1
709.8 ,Other specified disorders of skin,Diseases of the skin and subcutaneous...,1426,30,1.85,0.0024746784,1.24,2.66
466.0 ,Acute bronchitis,Diseases of the respiratory system,46543,766,1.85,1.640651e-32,1.67,2.04
346 ,Migraine,Diseases of the nervous system,519,11,1.85,0.0585238711,0.92,3.35
137.0 ,Late effects of respiratory or...,Infectious and parasitic diseases,2895,60,1.84,0.0000216886,1.39,2.39
914.0 ,Abrasion or friction burn of hand(s)...,Injury and poisoning,712,15,1.84,0.0317843184,1.02,3.07
070.9 ,Unspecified viral hepatitis without...,Infectious and parasitic diseases,670,14,1.83,0.0425264974,0.99,3.1
261 ,Nutritional marasmus,"Endocrine, nutritional and metabolic...",528,11,1.82,0.0615335607,0.9,3.29
427.9 ,"Cardiac dysrhythmia, unspecified",Diseases of the circulatory system,14227,273,1.81,9.642737e-17,1.58,2.07
413.9 ,Other and unspecified angina pectoris,Diseases of the circulatory system,9735,190,1.8,0.000000000002775404,1.53,2.09
531 ,Gastric ulcer,Diseases of the digestive system,2568,52,1.79,0.0001687691,1.33,2.37
362.10 ,"Background retinopathy, unspecified",Diseases of the nervous system,683,14,1.79,0.0446918835,0.97,3.04
560.39 ,Other impaction of intestine,Diseases of the digestive system,1473,30,1.79,0.0043884026,1.2,2.58
382.3 ,Unspecified chronic suppurative...,Diseases of the nervous system,731,15,1.79,0.0347386009,1,2.99
300 ,Neurotic disorders,Mental disorders,3592,72,1.78,0.0000115973,1.38,2.26
519.9 ,Unspecified disease of respiratory...,Diseases of the respiratory system,982,20,1.78,0.0156483953,1.08,2.78
733.1 ,Pathological fracture,Diseases of the musculoskeletal...,983,20,1.78,0.0157397531,1.08,2.78
794.8 ,Nonspecific abnormal results of...,"Comorbidities, signs, and ill-defined...",986,20,1.78,0.0160212709,1.08,2.77
389.1 ,Sensorineural hearing loss,Diseases of the nervous system,1483,30,1.78,0.004512611,1.19,2.56
009.3 ,Diarrhea of presumed infectious...,Infectious and parasitic diseases,939,19,1.77,0.0202462445,1.06,2.79
151.9 ,"Malignant neoplasm of stomach,...",Neoplasms,1541,31,1.77,0.0037037471,1.19,2.53
490 ,"Bronchitis, not specified as acute...",Diseases of the respiratory system,12081,230,1.77,0.0000000000001260036,1.53,2.04
729.82 ,Cramp of limb,Diseases of the musculoskeletal...,739,15,1.77,0.0362856033,0.99,2.96
733.0 ,Osteoporosis,Diseases of the musculoskeletal...,3198,64,1.77,0.0000360303,1.36,2.28
582.9 ,Chronic glomerulonephritis with...,Diseases of the genitourinary...,3969,79,1.77,0.0000052635701,1.39,2.23
386.19 ,Other peripheral vertigo,Diseases of the nervous system,791,16,1.77,0.0295525348,1,2.9
692 ,Contact dermatitis and other eczema,Diseases of the skin and subcutaneous...,5021,99,1.76,0.00000053083016,1.42,2.17
729.9 ,Other and unspecified disorders...,Diseases of the musculoskeletal...,596,12,1.76,0.0787122079,0.9,3.1
780.59 ,Other sleep disturbances,"Comorbidities, signs, and ill-defined...",1097,22,1.76,0.0147969348,1.09,2.68
041.9 ,"Bacterial infection, unspecified,...",Infectious and parasitic diseases,1252,25,1.75,0.0107146309,1.12,2.61
464.11 ,Acute tracheitis with obstruction,Diseases of the respiratory system,901,18,1.75,0.0269252905,1.03,2.79
427.89 ,Other specified cardiac dysrhythmias,Diseases of the circulatory system,2174,43,1.74,0.0010988016,1.25,2.37
250 ,Diabetes mellitus,"Endocrine, nutritional and metabolic...",6428,124,1.74,0.000000061065132,1.43,2.09
721.1 ,Cervical spondylosis with myelopathy,Diseases of the musculoskeletal...,1361,27,1.74,0.0072270734,1.14,2.55
528.2 ,Oral aphthae,Diseases of the digestive system,1669,33,1.74,0.0036760642,1.19,2.46
531.40 ,Chronic or unspecified gastric...,Diseases of the digestive system,653,13,1.74,0.0623685038,0.92,3
366 ,Cataract,Diseases of the nervous system,4976,97,1.74,0.00000099363362,1.4,2.15
414.8 ,Other specified forms of chronic...,Diseases of the circulatory system,3426,67,1.73,0.0000466805,1.33,2.22
437.8 ,Other ill-defined cerebrovascular...,Diseases of the circulatory system,1017,20,1.72,0.0254403821,1.04,2.68
820.8 ,Closed fracture of unspecified...,Injury and poisoning,1684,33,1.72,0.0039288949,1.18,2.44
386.1 ,Other and unspecified peripheral...,Diseases of the nervous system,1327,26,1.72,0.009665561,1.11,2.54
532.30 ,Acute duodenal ulcer without mention...,Diseases of the digestive system,765,15,1.71,0.0584602344,0.95,2.85
402.91 ,Unspecified hypertensive heart...,Diseases of the circulatory system,1591,31,1.71,0.0062002858,1.15,2.45
434 ,Occlusion of cerebral arteries,Diseases of the circulatory system,3605,69,1.7,0.0000715116,1.31,2.16
716 ,Other and unspecified arthropathies,Diseases of the musculoskeletal...,1287,25,1.7,0.0124879722,1.09,2.53
780.3 ,Convulsions,"Comorbidities, signs, and ill-defined...",977,19,1.7,0.0333343817,1.02,2.68
780.4 ,Dizziness and giddiness,"Comorbidities, signs, and ill-defined...",42691,685,1.7,3.334532e-24,1.54,1.88
781.9 ,Other symptoms involving nervous...,"Comorbidities, signs, and ill-defined...",1394,27,1.7,0.0110821293,1.11,2.49
881.00 ,"Open wound of forearm, without...",Injury and poisoning,1495,29,1.7,0.0099338157,1.13,2.46
133.0 ,Scabies,Infectious and parasitic diseases,3554,68,1.69,0.0000879263,1.31,2.17
272 ,Disorders of lipoid metabolism,"Endocrine, nutritional and metabolic...",1141,22,1.69,0.0245109197,1.05,2.58
465.9 ,Acute upper respiratory infections...,Diseases of the respiratory system,81986,1127,1.69,2.08217e-21,1.51,1.9
873 ,Other open wound of head,Injury and poisoning,930,18,1.69,0.0428401359,1,2.7
427.81 ,Sinoatrial node dysfunction,Diseases of the circulatory system,986,19,1.68,0.0343727322,1.01,2.65
070.51 ,Acute hepatitis C without mention...,Infectious and parasitic diseases,622,12,1.68,0.0862836799,0.86,2.97
478.1 ,Other diseases of nasal cavity...,Diseases of the respiratory system,1566,30,1.68,0.0084545341,1.12,2.42
298.9 ,Unspecified psychosis,Mental disorders,729,14,1.68,0.0781266333,0.91,2.84
533.00 ,Acute peptic ulcer of unspecified...,Diseases of the digestive system,1935,37,1.68,0.0036217234,1.17,2.33
464.10 ,Acute tracheitis without mention...,Diseases of the respiratory system,10812,197,1.67,0.0000000003640109,1.43,1.94
280.0 ,Iron deficiency anemia secondary...,Diseases of the blood and blood-forming...,625,12,1.67,0.0873980112,0.86,2.96
805.8 ,Closed fracture of unspecified...,Injury and poisoning,680,13,1.67,0.0712029415,0.88,2.88
607.1 ,Balanoposthitis,Diseases of the genitourinary...,738,14,1.66,0.0800669939,0.9,2.8
530.1 ,Esophagitis,Diseases of the digestive system,5037,94,1.66,0.0000085522258,1.33,2.05
380.23 ,Other chronic otitis externa,Diseases of the nervous system,948,18,1.66,0.0451412745,0.98,2.64
693.0 ,Dermatitis due to drugs and medicines...,Diseases of the skin and subcutaneous...,1165,22,1.65,0.0266535137,1.03,2.52
350.1 ,Trigeminal neuralgia,Diseases of the nervous system,688,13,1.65,0.1028700987,0.87,2.85
791.0 ,Proteinuria,"Comorbidities, signs, and ill-defined...",898,17,1.65,0.0571803859,0.96,2.67
412 ,Old myocardial infarction,Diseases of the circulatory system,1761,33,1.64,0.0093002598,1.12,2.33
707.9 ,Chronic ulcer of unspecified site,Diseases of the skin and subcutaneous...,957,18,1.64,0.0466070744,0.97,2.62
787.3 ,"Flatulence, eructation, and gas...","Comorbidities, signs, and ill-defined...",7420,135,1.64,0.00000033228147,1.36,1.96
569.9 ,Unspecified disorder of intestine,Diseases of the digestive system,956,18,1.64,0.0464338249,0.97,2.62
680.0 ,Carbuncle and furuncle of face,Diseases of the skin and subcutaneous...,533,10,1.63,0.1482384706,0.78,3.04
414.9 ,"Chronic ischemic heart disease,...",Diseases of the circulatory system,22921,389,1.63,0.000000000000001998146,1.45,1.83
011.00 ,"Tuberculosis of lung, infiltrative,...",Infectious and parasitic diseases,908,17,1.63,0.0587764224,0.95,2.64
721.0 ,Cervical spondylosis without myelopathy,Diseases of the musculoskeletal...,3800,70,1.63,0.0002046687,1.26,2.08
723.0 ,Spinal stenosis in cervical region,Diseases of the musculoskeletal...,534,10,1.63,0.1486550635,0.78,3.03
702.1 ,Seborrheic keratosis,Diseases of the skin and subcutaneous...,1457,27,1.62,0.0185441223,1.06,2.38
715.3 ,"Osteoarthrosis, localized, not...",Diseases of the musculoskeletal...,1131,21,1.62,0.0351710787,1,2.5
472.0 ,Chronic rhinitis,Diseases of the respiratory system,3607,66,1.62,0.0003604125,1.24,2.07
784.7 ,Epistaxis,"Comorbidities, signs, and ill-defined...",1671,31,1.62,0.0110565989,1.1,2.32
798.9 ,Unattended death,"Comorbidities, signs, and ill-defined...",647,12,1.62,0.097049776,0.83,2.85
564.0 ,Constipation,Diseases of the digestive system,47933,733,1.62,1.519515e-20,1.46,1.79
402.1 ,"Hypertensive heart disease, benign",Diseases of the circulatory system,1348,25,1.62,0.0281629787,1.04,2.41
438 ,Late effects of cerebrovascular...,Diseases of the circulatory system,13741,240,1.61,0.0000000001705892,1.4,1.85
708.0 ,Allergic urticaria,Diseases of the skin and subcutaneous...,3724,68,1.61,0.0003268013,1.24,2.06
715.15 ,"Osteoarthrosis, localized, primary,...",Diseases of the musculoskeletal...,867,16,1.61,0.0762015547,0.91,2.64
782.1 ,Rash and other nonspecific skin...,"Comorbidities, signs, and ill-defined...",1299,24,1.61,0.0259881907,1.03,2.42
537.9 ,Unspecified disorder of stomach...,Diseases of the digestive system,594,11,1.61,0.1202046051,0.8,2.92
847.2 ,Sprain of lumbar,Injury and poisoning,2838,52,1.61,0.0017843231,1.2,2.13
592 ,Calculus of kidney and ureter,Diseases of the genitourinary...,649,12,1.61,0.0980543733,0.83,2.84
285.9 ,"Anemia, unspecified",Diseases of the blood and blood-forming...,9262,164,1.6,0.000000085325871,1.35,1.89
716.99 ,"Arthropathy, unspecified, multiple...",Diseases of the musculoskeletal...,708,13,1.6,0.1082541927,0.85,2.76
723.1 ,Cervicalgia,Diseases of the musculoskeletal...,2921,53,1.6,0.0015898147,1.19,2.11
331.3 ,Communicating hydrocephalus,Diseases of the nervous system,710,13,1.6,0.1089144517,0.84,2.75
780.52 ,"Insomnia, unspecified","Comorbidities, signs, and ill-defined...",17566,301,1.6,0.000000000003495323,1.41,1.82
596.4 ,Atony of bladder,Diseases of the genitourinary...,982,18,1.6,0.0693987684,0.94,2.55
117.9 ,Other and unspecified mycoses,Infectious and parasitic diseases,714,13,1.59,0.1103003241,0.84,2.74
211.3 ,Benign neoplasm of colon,Neoplasms,1151,21,1.59,0.0504315063,0.98,2.46
306.8 ,Other specified psychophysiological...,Mental disorders,601,11,1.59,0.123878014,0.79,2.88
353.2 ,"Cervical root lesions, not elsewhere...",Diseases of the nervous system,821,15,1.59,0.0976042879,0.89,2.65
528.0 ,Stomatitis,Diseases of the digestive system,2478,45,1.59,0.0042084055,1.15,2.15
371.00 ,"Corneal opacity, unspecified",Diseases of the nervous system,711,13,1.59,0.1092527667,0.84,2.75
588.9 ,Unspecified disorder resulting...,Diseases of the genitourinary...,1934,35,1.59,0.010060951,1.1,2.22
692.0 ,Contact dermatitis and other eczema...,Diseases of the skin and subcutaneous...,3237,58,1.58,0.0014841735,1.19,2.06
466.1 ,Acute bronchiolitis,Diseases of the respiratory system,6216,110,1.58,0.0000151602,1.29,1.92
719.99 ,"Unspecified disorder of joint,...",Diseases of the musculoskeletal...,552,10,1.58,0.157534816,0.75,2.93
535.4 ,Other specified gastritis,Diseases of the digestive system,1158,21,1.58,0.0511600744,0.97,2.44
584.9 ,"Acute kidney failure, unspecified",Diseases of the genitourinary...,606,11,1.58,0.1266923014,0.78,2.86
729.1 ,"Myalgia and myositis, unspecified",Diseases of the musculoskeletal...,16762,283,1.57,0.00000000009609772,1.37,1.79
724.4 ,Thoracic or lumbosacral neuritis...,Diseases of the musculoskeletal...,1287,23,1.56,0.0475980036,0.98,2.36
756.12 ,Spondylolisthesis,Congenital anomalies,671,12,1.56,0.1426414329,0.8,2.75
372.0 ,Acute conjunctivitis,Diseases of the nervous system,1905,34,1.56,0.0168673189,1.07,2.2
560.9 ,Unspecified intestinal obstruction,Diseases of the digestive system,2591,46,1.56,0.0051957475,1.13,2.1
372.12 ,Chronic follicular conjunctivitis,Diseases of the nervous system,557,10,1.56,0.1604525965,0.74,2.9
873.4 ,"Facial laceration, without mention...",Injury and poisoning,1290,23,1.56,0.0479035373,0.98,2.35
578.9 ,Hemorrhage of gastrointestinal...,Diseases of the digestive system,6518,114,1.56,0.0000178885,1.28,1.89
890.0 ,"Open wound of hip and thigh, without...",Injury and poisoning,558,10,1.56,0.161058992,0.74,2.9
463 ,Acute tonsillitis,Diseases of the respiratory system,13263,225,1.55,0.000000008820001,1.34,1.79
477.9 ,"Allergic rhinitis, cause unspecified",Diseases of the respiratory system,13771,233,1.55,0.000000005684615,1.34,1.79
478.9 ,Other and unspecified diseases...,Diseases of the respiratory system,1353,24,1.55,0.0402319401,0.99,2.32
372 ,Disorders of conjunctiva,Diseases of the nervous system,1804,32,1.55,0.0193778093,1.05,2.21
460 ,Acute nasopharyngitis [common...,Diseases of the respiratory system,33551,526,1.54,0.000000000000005583796,1.39,1.72
300.4 ,Dysthymic disorder,Mental disorders,4003,70,1.54,0.0009141262,1.19,1.97
307.42 ,Persistent disorder of initiating...,Mental disorders,1417,25,1.54,0.0441209492,0.99,2.29
530.9 ,Unspecified disorder of esophagus,Diseases of the digestive system,734,13,1.54,0.1185138823,0.82,2.66
592.0 ,Calculus of kidney,Diseases of the genitourinary...,2520,44,1.53,0.0082448002,1.1,2.07
306.9 ,Unspecified psychophysiological...,Mental disorders,2717,47,1.52,0.0082725073,1.11,2.03
722.2 ,Displacement of intervertebral...,Diseases of the musculoskeletal...,1259,22,1.52,0.0619065923,0.95,2.33
727 ,"Other disorders of synovium tendon,...",Diseases of the musculoskeletal...,631,11,1.52,0.1857612312,0.75,2.74
349.9 ,Unspecified disorders of nervous...,Diseases of the nervous system,3419,59,1.52,0.0033990635,1.15,1.97
789 ,Other symptoms involving abdomen...,"Comorbidities, signs, and ill-defined...",861,15,1.52,0.1091097637,0.84,2.52
805.2 ,Closed fracture of dorsal [thoracic]...,Injury and poisoning,516,9,1.52,0.2105871314,0.69,2.91
435 ,Transient cerebral ischemia,Diseases of the circulatory system,576,10,1.51,0.1732350028,0.72,2.81
714.9 ,Unspecified inflammatory polyarthropathy,Diseases of the musculoskeletal...,577,10,1.51,0.2353279167,0.72,2.8
715.96 ,"Osteoarthrosis, unspecified whether...",Diseases of the musculoskeletal...,3971,68,1.51,0.001930113,1.16,1.93
300.9 ,Unspecified nonpsychotic mental...,Mental disorders,6652,113,1.51,0.0000769783,1.23,1.83
788.2 ,Retention of urine,"Comorbidities, signs, and ill-defined...",6763,115,1.51,0.0000541484,1.24,1.83
799.9 ,Other unknown and unspecified...,"Comorbidities, signs, and ill-defined...",1154,20,1.51,0.0717632439,0.92,2.35
706.1 ,Other acne,Diseases of the skin and subcutaneous...,580,10,1.5,0.2364202665,0.71,2.79
455.2 ,Internal hemorrhoids with other...,Diseases of the circulatory system,986,17,1.5,0.0991586491,0.87,2.43
715.26 ,"Osteoarthrosis, localized, secondary,...",Diseases of the musculoskeletal...,1104,19,1.5,0.0881601577,0.9,2.36
722.93 ,"Other and unspecified disc disorder,...",Diseases of the musculoskeletal...,637,11,1.5,0.1884925521,0.74,2.71
353.4 ,"Lumbosacral root lesions, not...",Diseases of the nervous system,1221,21,1.5,0.078428932,0.92,2.31
780.9 ,Other general symptoms,"Comorbidities, signs, and ill-defined...",2390,41,1.5,0.0153462572,1.07,2.05
388.3 ,Tinitus,Diseases of the nervous system,1509,26,1.5,0.0512371194,0.98,2.22
411.81 ,Acute coronary occlusion without...,Diseases of the circulatory system,820,14,1.49,0.1391019115,0.81,2.52
436 ,"Acute, but ill-defined, cerebrovascular...",Diseases of the circulatory system,8560,143,1.49,0.0000140224,1.25,1.78
455.8 ,Unspecified hemorrhoids with other...,Diseases of the circulatory system,1635,28,1.49,0.0465771762,0.99,2.18
272.2 ,Mixed hyperlipidemia,"Endocrine, nutritional and metabolic...",3486,59,1.49,0.0048186391,1.12,1.93
729.2 ,"Neuralgia, neuritis, and radiculitis,...",Diseases of the musculoskeletal...,10896,180,1.49,0.0000017905051,1.27,1.74
845.00 ,"Sprain of ankle, unspecified site",Injury and poisoning,644,11,1.49,0.1920122306,0.74,2.68
402.9 ,Hypertensive heart disease unspecified,Diseases of the circulatory system,6788,114,1.49,0.0000926421,1.22,1.81
472 ,Chronic pharyngitis and nasopharyngitis,Diseases of the respiratory system,528,9,1.48,0.2192835776,0.67,2.84
719.46 ,"Pain in joint, lower leg",Diseases of the musculoskeletal...,2724,46,1.48,0.0140985385,1.08,1.99
535.10 ,"Atrophic gastritis, without mention...",Diseases of the digestive system,704,12,1.48,0.1588355648,0.76,2.61
787.7 ,Abnormal feces,"Comorbidities, signs, and ill-defined...",883,15,1.48,0.1513877667,0.82,2.46
558.9 ,Other and unspecified noninfectious...,Diseases of the digestive system,27317,426,1.48,0.00000000002428464,1.32,1.66
290.20 ,Senile dementia with delusional...,Mental disorders,1426,24,1.47,0.0793611064,0.93,2.2
487 ,Influenza,Diseases of the respiratory system,3773,63,1.47,0.0052730672,1.12,1.89
788.1 ,Dysuria,"Comorbidities, signs, and ill-defined...",3815,64,1.47,0.0043409835,1.13,1.9
370.23 ,Filamentary keratitis,Diseases of the nervous system,711,12,1.47,0.2130595778,0.75,2.59
053.19 ,Herpes zoster with other nervous...,Infectious and parasitic diseases,657,11,1.46,0.1994699766,0.72,2.63
290.2 ,Senile dementia with delusional...,Mental disorders,597,10,1.46,0.2440904816,0.69,2.7
357.4 ,Polyneuropathy in other diseases...,Diseases of the nervous system,896,15,1.46,0.1553664684,0.81,2.42
784.0 ,Headache,"Comorbidities, signs, and ill-defined...",22699,355,1.46,0.0000000018730951,1.29,1.65
380.15 ,Chronic mycotic otitis externa,Diseases of the nervous system,2514,42,1.46,0.0232394356,1.05,1.99
922.3 ,Contusion of back,Injury and poisoning,1678,28,1.46,0.0645264774,0.96,2.12
411.0 ,Postmyocardial infarction syndrome,Diseases of the circulatory system,538,9,1.45,0.2274408672,0.66,2.79
719.49 ,"Pain in joint, multiple sites",Diseases of the musculoskeletal...,1744,29,1.45,0.0546421742,0.97,2.1
333.1 ,Essential and other specified...,Diseases of the nervous system,1022,17,1.45,0.1394064125,0.84,2.34
535.40 ,"Other specified gastritis, without...",Diseases of the digestive system,3446,57,1.45,0.0095519729,1.09,1.9
564.8 ,Other specified function disorder...,Diseases of the digestive system,4852,80,1.45,0.0020347515,1.14,1.82
374.0 ,Entropion and trichiasis of eyelid,Diseases of the nervous system,1318,22,1.45,0.0908488774,0.91,2.22
847.0 ,Sprain of neck,Injury and poisoning,1501,25,1.45,0.0685566436,0.93,2.16
583 ,"Nephritis and nephropathy, not...",Diseases of the genitourinary...,902,15,1.45,0.157490963,0.8,2.41
009.2 ,Infectious diarrhea,Infectious and parasitic diseases,1934,32,1.44,0.0526716327,0.98,2.05
462 ,Acute pharyngitis,Diseases of the respiratory system,15589,246,1.44,0.00000060914504,1.25,1.65
722.0 ,Displacement of cervical intervertebral...,Diseases of the musculoskeletal...,665,11,1.44,0.2046327962,0.71,2.6
536.9 ,Unspecified functional disorder...,Diseases of the digestive system,33824,506,1.44,0.0000000000729538,1.29,1.6
372.39 ,Other conjunctivitis,Diseases of the nervous system,663,11,1.44,0.2033022052,0.71,2.6
686.9 ,Unspecified local infection of...,Diseases of the skin and subcutaneous...,10916,174,1.43,0.0000253257,1.21,1.68
440 ,Atherosclerosis,Diseases of the circulatory system,914,15,1.43,0.1622730214,0.79,2.37
686.8 ,Other specified local infections...,Diseases of the skin and subcutaneous...,4971,80,1.42,0.003628094,1.11,1.78
692.8 ,"Contact dermatitis and other eczema,...",Diseases of the skin and subcutaneous...,671,11,1.42,0.2719869019,0.71,2.57
464.20 ,Acute laryngotracheitis without...,Diseases of the respiratory system,4083,66,1.42,0.007424957,1.09,1.82
357.2 ,Polyneuropathy in diabetes,Diseases of the nervous system,795,13,1.42,0.239688471,0.75,2.45
780.50 ,"Sleep disturbance, unspecified","Comorbidities, signs, and ill-defined...",5383,87,1.42,0.0021953318,1.13,1.77
533.70 ,Chronic peptic ulcer of unspecified...,Diseases of the digestive system,3134,51,1.42,0.0176386795,1.05,1.89
290.21 ,Senile dementia with depressive...,Mental disorders,863,14,1.41,0.1989990883,0.77,2.39
550.9 ,"Inguinal hernia, without mention...",Diseases of the digestive system,800,13,1.41,0.2411124139,0.75,2.44
372.1 ,Chronic conjunctivitis,Diseases of the nervous system,10706,169,1.41,0.0000497885,1.2,1.66
873.42 ,"Open wound of forehead, without...",Injury and poisoning,864,14,1.41,0.1994144321,0.76,2.38
600 ,Hyperplasia of prostate,Diseases of the genitourinary...,49403,699,1.41,0.00000000003866968,1.27,1.56
698.8 ,Other specified pruritic conditions,Diseases of the skin and subcutaneous...,2676,43,1.4,0.0352170052,1.01,1.91
250.0 ,Diabetes Mellitus w/m of complication,"Endocrine, nutritional and metabolic...",5359,85,1.4,0.0040873847,1.11,1.74
472.1 ,Chronic pharyngitis,Diseases of the respiratory system,3183,51,1.4,0.0231707142,1.04,1.86
307.40 ,"Nonorganic sleep disorder, unspecified",Mental disorders,1372,22,1.4,0.1265526196,0.87,2.13
349.89 ,Other specified disorders of nervous...,Diseases of the nervous system,1057,17,1.4,0.1904022754,0.81,2.26
728.9 ,"Unspecified disorder of muscle,...",Diseases of the musculoskeletal...,2623,42,1.4,0.0417726487,1,1.91
531.90 ,"Gastric ulcer, unspecified as...",Diseases of the digestive system,6899,109,1.4,0.0014433733,1.14,1.7
574.10 ,Calculus of gallbladder with other...,Diseases of the digestive system,683,11,1.4,0.276740911,0.69,2.53
922.1 ,Contusion of chest wall,Injury and poisoning,3941,63,1.4,0.0123780634,1.07,1.81
949.0 ,"Burn of unspecified site, unspecified...",Injury and poisoning,563,9,1.39,0.3182475984,0.63,2.66
691.8 ,Other atopic dermatitis and related...,Diseases of the skin and subcutaneous...,4982,79,1.39,0.0056095313,1.1,1.75
464.0 ,Acute laryngitis,Diseases of the respiratory system,9362,146,1.39,0.000304678,1.16,1.65
353.9 ,Unspecified nerve root and plexus...,Diseases of the nervous system,1003,16,1.39,0.182274685,0.79,2.27
729.0 ,"Rheumatism, unspecified and fibrositis",Diseases of the musculoskeletal...,1444,23,1.39,0.1355372199,0.87,2.1
356.9 ,Unspecified hereditary and idiopathic...,Diseases of the nervous system,2698,43,1.39,0.0365294856,1,1.89
009.0 ,"Infectious colitis, enteritis,...",Infectious and parasitic diseases,3799,60,1.38,0.0169970302,1.05,1.8
155.2 ,"Malignant neoplasm of liver, not...",Neoplasms,567,9,1.38,0.3207545437,0.63,2.64
707.0 ,Decubitus ulcer,Diseases of the skin and subcutaneous...,2839,45,1.38,0.0406869067,1,1.87
470 ,Deviated nasal septum,Diseases of the respiratory system,690,11,1.38,0.2800167716,0.69,2.5
721.3 ,Lumbosacral spondylosis without...,Diseases of the musculoskeletal...,13987,215,1.38,0.0000237317,1.19,1.6
729.4 ,"Fasciitis, unspecified",Diseases of the musculoskeletal...,7423,116,1.38,0.0014282428,1.13,1.67
573.9 ,Unspecified disorder of liver,Diseases of the digestive system,691,11,1.38,0.280514163,0.69,2.5
576.1 ,Cholangitis,Diseases of the digestive system,753,12,1.38,0.2328557527,0.71,2.44
294.1 ,Dementia in conditions classified...,Mental disorders,823,13,1.37,0.2497316535,0.73,2.37
721.42 ,"Spondylosis with myelopathy, lumbar...",Diseases of the musculoskeletal...,2924,46,1.37,0.0436764941,1,1.85
724.3 ,Sciatica,Diseases of the musculoskeletal...,9345,144,1.37,0.0006360348,1.14,1.63
840.9 ,Sprains and strains of unspecified...,Injury and poisoning,954,15,1.37,0.2224774915,0.76,2.27
596.5 ,Other functional disorders of...,Diseases of the genitourinary...,2611,41,1.37,0.0520722752,0.98,1.87
698.9 ,Unspecified pruritic disorder,Diseases of the skin and subcutaneous...,9710,149,1.36,0.000554219,1.14,1.62
437.1 ,Other generalized ischemic cerebrovascular...,Diseases of the circulatory system,575,9,1.36,0.3261719369,0.62,2.6
274.0 ,"Gouty arthropathy, unspecified","Endocrine, nutritional and metabolic...",13201,200,1.36,0.0001119631,1.16,1.58
721 ,Spondylosis and allied disorders,Diseases of the musculoskeletal...,1921,30,1.36,0.1058154205,0.91,1.96
724.2 ,Lumbago,Diseases of the musculoskeletal...,23466,346,1.36,0.0000014878147,1.2,1.53
728 ,"Disorders of muscle, ligament,...",Diseases of the musculoskeletal...,1793,28,1.36,0.1182556028,0.9,1.98
528.9 ,Other and unspecified diseases...,Diseases of the digestive system,3614,56,1.36,0.0328429435,1.02,1.77
362.5 ,Degeneration of macula and posterior...,Diseases of the nervous system,1218,19,1.36,0.1783693792,0.81,2.13
790.6 ,Other abnormal blood chemistry,"Comorbidities, signs, and ill-defined...",1986,31,1.36,0.0911766889,0.92,1.94
571.9 ,Unspecified chronic liver disease...,Diseases of the digestive system,1538,24,1.36,0.1483960652,0.86,2.04
924.9 ,Contusion of unspecified site,Injury and poisoning,1935,30,1.35,0.107815934,0.9,1.94
111.9 ,"Dermatomycosis, unspecified",Infectious and parasitic diseases,839,13,1.35,0.2576371064,0.71,2.32
216 ,Benign neoplasm of skin,Neoplasms,707,11,1.35,0.2894377284,0.67,2.44
250.9 ,Diabetes with unspecified complication,"Endocrine, nutritional and metabolic...",1357,21,1.35,0.1995044016,0.83,2.07
724.5 ,"Backache, unspecified",Diseases of the musculoskeletal...,16388,245,1.35,0.000035063,1.17,1.55
366.1 ,Senile cataract,Diseases of the nervous system,7473,114,1.35,0.0031636293,1.1,1.63
805.4 ,Closed fracture of lumbar vertebra...,Injury and poisoning,2459,38,1.35,0.0856528547,0.95,1.86
593.2 ,"Cyst of kidney, acquired",Diseases of the genitourinary...,773,12,1.35,0.3073795731,0.69,2.37
680.9 ,Carbuncle and furuncle of unspecified...,Diseases of the skin and subcutaneous...,2741,42,1.34,0.0706960747,0.96,1.82
009.1 ,"Colitis, enteritis, and gastroenteritis...",Infectious and parasitic diseases,1299,20,1.34,0.1915273288,0.81,2.08
686 ,Other local infections of skin...,Diseases of the skin and subcutaneous...,1618,25,1.34,0.1585718275,0.86,2
435.1 ,Vertebral artery syndrome,Diseases of the circulatory system,1299,20,1.34,0.1915273288,0.81,2.08
440.9 ,Generalized and unspecified atherosclerosis,Diseases of the circulatory system,3072,47,1.34,0.0598658298,0.97,1.79
443.9 ,"Peripheral vascular disease, unspecified",Diseases of the circulatory system,2870,44,1.34,0.063583258,0.97,1.81
726.0 ,Adhesive capsulitis of shoulder,Diseases of the musculoskeletal...,3328,51,1.34,0.0484026874,0.99,1.77
564.1 ,Irritable bowel syndrome,Diseases of the digestive system,11537,174,1.34,0.000446455,1.14,1.58
401.1 ,Benign essential hypertension,Diseases of the circulatory system,10959,165,1.34,0.0006575983,1.13,1.58
402.11 ,Benign hypertensive heart disease...,Diseases of the circulatory system,1950,30,1.34,0.1338032198,0.9,1.93
599.9 ,Unspecified disorder of urethra...,Diseases of the genitourinary...,1689,26,1.34,0.1368779079,0.87,1.98
930.0 ,Corneal foreign body,Injury and poisoning,2756,42,1.33,0.0720828669,0.95,1.81
433.1 ,Carotid artery occlusion and stenosis,Diseases of the circulatory system,523,8,1.33,0.4072435177,0.57,2.64
461.8 ,Other acute sinusitis,Diseases of the respiratory system,588,9,1.33,0.3360651708,0.6,2.54
719.40 ,"Pain in joint, site unspecified",Diseases of the musculoskeletal...,9625,144,1.33,0.0018277018,1.11,1.58
366.14 ,Posterior subcapsular polar senile...,Diseases of the nervous system,915,14,1.33,0.2758870245,0.72,2.25
799.8 ,Other ill-defined conditions,"Comorbidities, signs, and ill-defined...",916,14,1.33,0.2763199891,0.72,2.24
692.9 ,"Contact dermatitis and other eczema,...",Diseases of the skin and subcutaneous...,38201,533,1.32,0.00000053201681,1.18,1.46
434.0 ,Cerebral thrombosis,Diseases of the circulatory system,4835,73,1.32,0.0237166591,1.03,1.68
250.4 ,Diabetes with renal manifestations,"Endocrine, nutritional and metabolic...",723,11,1.32,0.3785877803,0.65,2.38
465.0 ,Acute laryngopharyngitis,Diseases of the respiratory system,13118,194,1.32,0.0004926004,1.13,1.54
281.9 ,Unspecified deficiency anemia,Diseases of the blood and blood-forming...,1056,16,1.32,0.2488633024,0.75,2.15
719.47 ,"Pain in joint, ankle and foot",Diseases of the musculoskeletal...,1056,16,1.32,0.2488633024,0.75,2.15
300.09 ,Other anxiety states,Mental disorders,987,15,1.32,0.292496309,0.73,2.19
372.54 ,Conjunctival concretions,Diseases of the nervous system,1846,28,1.32,0.1531513541,0.87,1.92
821.00 ,Closed fracture of unspecified...,Injury and poisoning,1181,18,1.32,0.219229831,0.78,2.11
586 ,"Renal failure, unspecified",Diseases of the genitourinary...,2376,36,1.32,0.1003053683,0.92,1.84
053.9 ,Herpes zoster without mention...,Infectious and parasitic diseases,3532,53,1.31,0.0660746552,0.97,1.73
715.9 ,"Osteoarthrosis, unspecified whether...",Diseases of the musculoskeletal...,4616,69,1.31,0.0353850724,1.01,1.67
307.4 ,Specific disorders of sleep of...,Mental disorders,930,14,1.31,0.282951995,0.71,2.21
536.8 ,Dyspepsia and other specified...,Diseases of the digestive system,17819,259,1.31,0.0001235479,1.14,1.5
788.4 ,Frequency of urination and polyuria,"Comorbidities, signs, and ill-defined...",4689,70,1.31,0.0367214003,1.01,1.66
581.9 ,Nephrotic syndrome with unspecified...,Diseases of the genitourinary...,1057,16,1.31,0.249303176,0.75,2.15
386.12 ,Vestibular neuronitis,Diseases of the nervous system,2586,39,1.31,0.0947727406,0.93,1.81
599.0 ,"Urinary tract infection, site...",Diseases of the genitourinary...,20951,303,1.31,0.0000382595,1.15,1.49
054.9 ,Herpes simplex without mention...,Infectious and parasitic diseases,802,12,1.3,0.3218574964,0.67,2.29
346.9 ,"Migraine, unspecified",Diseases of the nervous system,1540,23,1.3,0.2287236943,0.82,1.96
727.09 ,Other synovitis and tenosynovitis,Diseases of the musculoskeletal...,599,9,1.3,0.4384059839,0.59,2.5
365.9 ,Unspecified glaucoma,Diseases of the nervous system,3294,49,1.3,0.0826591674,0.95,1.73
533.91 ,"Peptic ulcer of unspecified site,...",Diseases of the digestive system,801,12,1.3,0.3212713751,0.67,2.29
535.50 ,"Unspecified gastritis and gastroduodenitis,...",Diseases of the digestive system,17002,246,1.3,0.0002641441,1.13,1.49
788.0 ,Renal colic,"Comorbidities, signs, and ill-defined...",599,9,1.3,0.4384059839,0.59,2.5
375.15 ,"Tear film insufficiency, unspecified",Diseases of the nervous system,3818,57,1.3,0.0548029138,0.98,1.7
388.01 ,Presbyacusis,Diseases of the nervous system,599,9,1.3,0.4384059839,0.59,2.5
401.9 ,Unspecified essential hypertension,Diseases of the circulatory system,53835,721,1.3,0.00000054150444,1.17,1.43
380.22 ,Other acute otitis externa,Diseases of the nervous system,1685,25,1.29,0.2065030992,0.83,1.92
595.9 ,"Cystitis, unspecified",Diseases of the genitourinary...,4874,72,1.29,0.0404143493,1,1.64
437.9 ,Unspecified cerebrovascular disease,Diseases of the circulatory system,7611,111,1.28,0.0150787047,1.05,1.56
455.0 ,Internal hemorrhoids without mention...,Diseases of the circulatory system,950,14,1.28,0.3580267717,0.69,2.16
272.1 ,Pure hyperglyceridemia,"Endocrine, nutritional and metabolic...",883,13,1.28,0.3433564999,0.68,2.2
719.45 ,"Pain in joint, pelvic region and...",Diseases of the musculoskeletal...,610,9,1.28,0.4435658028,0.58,2.45
727.00 ,"Synovitis and tenosynovitis, unspecified",Diseases of the musculoskeletal...,8713,127,1.28,0.0095216563,1.06,1.54
523.0 ,Acute gingivitis,Diseases of the digestive system,1017,15,1.28,0.3042111519,0.71,2.13
354.0 ,Carpal tunnel syndrome,Diseases of the nervous system,810,12,1.28,0.4059552589,0.66,2.26
788.3 ,Incontinence of urine,"Comorbidities, signs, and ill-defined...",4084,60,1.28,0.0632135999,0.97,1.66
571.5 ,Cirrhosis of liver without mention...,Diseases of the digestive system,2507,37,1.28,0.131700992,0.9,1.78
916.0 ,"Abrasion or friction burn of hip,...",Injury and poisoning,2656,39,1.28,0.141687712,0.9,1.76
598.9 ,"Urethral stricture, unspecified",Diseases of the genitourinary...,746,11,1.28,0.3883413801,0.63,2.31
110.4 ,Dermatophytosis of foot,Infectious and parasitic diseases,10421,150,1.27,0.0065475149,1.07,1.51
459.9 ,Unspecified circulatory system...,Diseases of the circulatory system,954,14,1.27,0.3594208116,0.69,2.15
719.90 ,"Unspecified disorder of joint,...",Diseases of the musculoskeletal...,613,9,1.27,0.445135382,0.58,2.44
365.23 ,Chronic angle-closure glaucoma,Diseases of the nervous system,1363,20,1.27,0.3060825118,0.77,1.98
571.40 ,"Chronic hepatitis, unspecified",Diseases of the digestive system,8044,116,1.27,0.0178859341,1.04,1.54
854.0 ,Intracranial injury of other and...,Injury and poisoning,613,9,1.27,0.445135382,0.58,2.44
892.1 ,Open wound of foot except toe(s)...,Injury and poisoning,616,9,1.27,0.4467722371,0.58,2.43
388.30 ,"Tinnitus, unspecified",Diseases of the nervous system,4756,69,1.27,0.0620437642,0.98,1.62
424.90 ,"Endocarditis, valve unspecified,...",Diseases of the circulatory system,619,9,1.26,0.4484751333,0.57,2.41
437.0 ,Cerebral atherosclerosis,Diseases of the circulatory system,4239,61,1.26,0.0927896864,0.95,1.63
461.9 ,"Acute sinusitis, unspecified",Diseases of the respiratory system,7827,112,1.26,0.0254206072,1.03,1.53
366.50 ,"After-cataract, unspecified",Diseases of the nervous system,3518,51,1.26,0.1096131893,0.93,1.67
372.11 ,Simple chronic conjunctivitis,Diseases of the nervous system,5398,78,1.26,0.0510862008,0.99,1.59
564.5 ,Functional diarrhea,Diseases of the digestive system,3030,44,1.26,0.1432451617,0.91,1.71
410.90 ,Acute myocardial infarction of...,Diseases of the circulatory system,1038,15,1.25,0.3794810179,0.7,2.08
137.1 ,Late effects of central nervous...,Infectious and parasitic diseases,554,8,1.25,0.5454814245,0.54,2.49
702.8 ,Other specified dermatoses,Diseases of the skin and subcutaneous...,904,13,1.25,0.4320172573,0.66,2.15
185 ,Malignant neoplasm of prostate,Neoplasms,3698,53,1.25,0.1185882339,0.93,1.65
365.11 ,Primary open angle glaucoma,Diseases of the nervous system,835,12,1.25,0.4153589144,0.64,2.19
891.1 ,"Open wound of knee, leg [except...",Injury and poisoning,1109,16,1.25,0.3947577215,0.71,2.05
930.1 ,Foreign body in conjunctival sac,Injury and poisoning,2321,33,1.24,0.2389679423,0.84,1.75
601.9 ,"Prostatitis, unspecified",Diseases of the genitourinary...,1469,21,1.24,0.3248258543,0.76,1.91
716.59 ,Unspecified polyarthropathy or...,Diseases of the musculoskeletal...,628,9,1.24,0.4539676108,0.56,2.38
280.9 ,"Iron deficiency anemia, unspecified",Diseases of the blood and blood-forming...,2528,36,1.24,0.2211687721,0.86,1.73
535.00 ,"Acute gastritis, without mention...",Diseases of the digestive system,15528,216,1.24,0.0051963662,1.06,1.43
386.00 ,"Minihre's disease, unspecified",Diseases of the nervous system,5581,79,1.24,0.0732416137,0.97,1.55
721.90 ,"Spondylosis of unspecified site,...",Diseases of the musculoskeletal...,5389,76,1.23,0.0794358538,0.96,1.55
592.1 ,Calculus of ureter,Diseases of the genitourinary...,1128,16,1.23,0.399546634,0.7,2.01
680 ,Carbuncle and furuncle,Diseases of the skin and subcutaneous...,568,8,1.22,0.5512342056,0.52,2.43
682.9 ,Cellulitis and abscess of unspecified...,Diseases of the skin and subcutaneous...,9782,136,1.22,0.0306642475,1.02,1.46
473.9 ,Unspecified sinusitis (chronic),Diseases of the respiratory system,1778,25,1.22,0.3143441277,0.78,1.81
882.0 ,Open wound of hand except finger(s)...,Injury and poisoning,2921,41,1.22,0.2199024223,0.87,1.67
595.0 ,Acute cystitis,Diseases of the genitourinary...,6178,86,1.22,0.0878853138,0.97,1.51
923.9 ,Contusion of unspecified part...,Injury and poisoning,711,10,1.22,0.4806787834,0.58,2.26
682.7 ,"Cellulitis and abscess of foot,...",Diseases of the skin and subcutaneous...,1214,17,1.21,0.4167480185,0.7,1.96
250.01 ,Diabetes mellitus without mention...,"Endocrine, nutritional and metabolic...",645,9,1.21,0.5759432713,0.55,2.31
708.8 ,Other specified urticaria,Diseases of the skin and subcutaneous...,1005,14,1.21,0.4574692408,0.66,2.04
272.9 ,Unspecified disorder of lipoid...,"Endocrine, nutritional and metabolic...",572,8,1.21,0.5531382041,0.52,2.41
715.36 ,"Osteoarthrosis, localized, not...",Diseases of the musculoskeletal...,7462,103,1.21,0.0745161117,0.98,1.48
782.4 ,"Jaundice, unspecified, not of...","Comorbidities, signs, and ill-defined...",574,8,1.21,0.5541316909,0.52,2.4
555.9 ,Regional enteritis of unspecified...,Diseases of the digestive system,1361,19,1.21,0.3730095794,0.72,1.9
564.9 ,Unspecified functional disorder...,Diseases of the digestive system,18935,258,1.21,0.0059417842,1.06,1.39
848.9 ,Unspecified site of sprain and...,Injury and poisoning,8423,116,1.21,0.0580839542,0.99,1.46
077.1 ,Epidemic keratoconjunctivitis,Infectious and parasitic diseases,724,10,1.2,0.487947739,0.57,2.22
465.8 ,Acute upper respiratory infections...,Diseases of the respiratory system,10099,138,1.2,0.0472294069,1,1.43
290.40 ,"Vascular dementia, uncomplicated",Mental disorders,1012,14,1.2,0.45996249,0.65,2.03
366.5 ,After-cataract,Diseases of the nervous system,792,11,1.2,0.5031203066,0.6,2.17
372.20 ,"Blepharoconjunctivitis, unspecified",Diseases of the nervous system,2825,39,1.2,0.2485140646,0.85,1.65
844.9 ,Sprains and strains of unspecified...,Injury and poisoning,1304,18,1.2,0.4335717447,0.7,1.9
592.9 ,"Urinary calculus, unspecified",Diseases of the genitourinary...,2090,29,1.2,0.3029965696,0.8,1.74
710.2 ,Sicca syndrome,Diseases of the musculoskeletal...,653,9,1.19,0.5787056125,0.54,2.28
719.41 ,"Pain in joint, shoulder region",Diseases of the musculoskeletal...,944,13,1.19,0.5385471238,0.63,2.06
435.9 ,Unspecified transient cerebral...,Diseases of the circulatory system,2643,36,1.18,0.3121202723,0.82,1.65
708.9 ,"Urticaria, unspecified",Diseases of the skin and subcutaneous...,9400,127,1.18,0.0720281766,0.98,1.42
487.0 ,Influenza with pneumonia,Diseases of the respiratory system,662,9,1.18,0.5822743423,0.53,2.25
300.00 ,"Anxiety state, unspecified",Mental disorders,9630,130,1.18,0.0749475467,0.98,1.42
722.10 ,Displacement of lumbar intervertebral...,Diseases of the musculoskeletal...,1913,26,1.18,0.3886490966,0.76,1.74
332.1 ,Secondary parkinsonism,Diseases of the nervous system,3170,43,1.18,0.2752166369,0.85,1.6
733.00 ,"Osteoporosis, unspecified",Diseases of the musculoskeletal...,7352,99,1.18,0.1297752916,0.95,1.44
366.9 ,Unspecified cataract,Diseases of the nervous system,5592,76,1.18,0.1597403519,0.93,1.49
873.0 ,"Open wound of scalp, without mention...",Injury and poisoning,3667,50,1.18,0.2399675205,0.87,1.57
682.0 ,Cellulitis and abscess of face,Diseases of the skin and subcutaneous...,664,9,1.17,0.5831312415,0.53,2.25
431 ,Intracerebral hemorrhage,Diseases of the circulatory system,2515,34,1.17,0.3464057682,0.81,1.65
698.2 ,Prurigo,Diseases of the skin and subcutaneous...,8363,112,1.17,0.1133161212,0.96,1.42
250.90 ,"Diabetes with unspecified complication,...","Endocrine, nutritional and metabolic...",5131,69,1.17,0.2059071989,0.9,1.49
715.35 ,"Osteoarthrosis, localized, not...",Diseases of the musculoskeletal...,1263,17,1.17,0.5073388317,0.67,1.88
290.0 ,"Senile dementia, uncomplicated",Mental disorders,7256,97,1.17,0.1426644413,0.94,1.43
715.00 ,"Osteoarthrosis, generalized, site...",Diseases of the musculoskeletal...,2836,38,1.16,0.3740102058,0.82,1.61
274.9 ,"Gout, unspecified","Endocrine, nutritional and metabolic...",13626,180,1.16,0.0631584636,0.99,1.36
331.4 ,Obstructive hydrocephalus,Diseases of the nervous system,524,7,1.16,0.6788028371,0.46,2.4
374.01 ,Senile entropion,Diseases of the nervous system,522,7,1.16,0.6780998437,0.46,2.41
910.0 ,"Abrasion or friction burn of face,...",Injury and poisoning,1120,15,1.16,0.5726034891,0.64,1.93
920 ,"Contusion of face, scalp, and...",Injury and poisoning,2540,34,1.16,0.3983206766,0.8,1.63
110.9 ,Dermatophytosis of unspecified...,Infectious and parasitic diseases,3105,41,1.15,0.3952979474,0.82,1.56
709.9 ,Unspecified disorder of skin and...,Diseases of the skin and subcutaneous...,4467,59,1.15,0.2865754709,0.87,1.49
366.16 ,Senile nuclear sclerosis,Diseases of the nervous system,5288,70,1.15,0.2644267865,0.89,1.47
386.10 ,"Peripheral vertigo, unspecified",Diseases of the nervous system,2645,35,1.15,0.4083433973,0.79,1.61
913.0 ,"Abrasion or friction burn of elbow,...",Injury and poisoning,1351,18,1.15,0.5215919653,0.68,1.84
188.9 ,"Malignant neoplasm of bladder,...",Neoplasms,1217,16,1.14,0.5887373914,0.65,1.86
715.16 ,"Osteoarthrosis, localized, primary,...",Diseases of the musculoskeletal...,5645,74,1.14,0.2795597732,0.89,1.44
533.90 ,"Peptic ulcer of unspecified site,...",Diseases of the digestive system,19588,253,1.14,0.0652240331,0.99,1.3
372.30 ,"Conjunctivitis, unspecified",Diseases of the nervous system,18622,241,1.14,0.0649758545,0.99,1.31
373.12 ,Hordeolum internum,Diseases of the nervous system,757,10,1.14,0.6083518748,0.54,2.12
892.0 ,Open wound of foot except toe(s)...,Injury and poisoning,2661,35,1.14,0.410851072,0.79,1.6
389.9 ,Unspecified hearing loss,Diseases of the nervous system,4275,56,1.14,0.3445723476,0.85,1.49
918.1 ,Superficial injury of cornea,Injury and poisoning,1439,19,1.14,0.5346766811,0.68,1.8
924.10 ,Contusion of lower leg,Injury and poisoning,531,7,1.14,0.6814445095,0.46,2.37
998.5 ,Postoperative infection,Injury and poisoning,921,12,1.13,0.641334126,0.58,1.98
455.6 ,Unspecified hemorrhoids without...,Diseases of the circulatory system,5293,69,1.13,0.325032682,0.87,1.44
533.30 ,Acute peptic ulcer of unspecified...,Diseases of the digestive system,1838,24,1.13,0.510274172,0.72,1.69
370.49 ,Other keratoconjunctivitis,Diseases of the nervous system,611,8,1.13,0.7018294807,0.49,2.25
372.00 ,"Acute conjunctivitis, unspecified",Diseases of the nervous system,11012,142,1.13,0.17783648,0.94,1.34
571.8 ,Other chronic nonalcoholic liver...,Diseases of the digestive system,537,7,1.13,0.6839245969,0.45,2.34
850.9 ,"Concussion, unspecified",Injury and poisoning,1304,17,1.13,0.6014821625,0.65,1.82
873.8 ,Other and unspecified open wound...,Injury and poisoning,1147,15,1.13,0.579039308,0.63,1.88
583.9 ,"Nephritis and nephropathy, not...",Diseases of the genitourinary...,2139,28,1.13,0.4759480362,0.75,1.65
386.9 ,Unspecified vertiginous syndromes...,Diseases of the nervous system,5380,70,1.13,0.3288277872,0.87,1.44
597.80 ,"Urethritis, unspecified",Diseases of the genitourinary...,2377,31,1.13,0.4974554356,0.76,1.61
724.02 ,"Spinal stenosis, lumbar region,...",Diseases of the musculoskeletal...,3948,51,1.12,0.4064532518,0.83,1.48
370.9 ,Unspecified keratitis,Diseases of the nervous system,542,7,1.12,0.6861362325,0.45,2.32
379.24 ,Other vitreous opacities,Diseases of the nervous system,1007,13,1.12,0.6559814267,0.59,1.92
924.11 ,Contusion of knee,Injury and poisoning,1231,16,1.12,0.5919452914,0.64,1.84
578.1 ,Blood in stool,Diseases of the digestive system,778,10,1.11,0.7346922448,0.53,2.06
110.5 ,Dermatophytosis of the body,Infectious and parasitic diseases,3785,48,1.1,0.4885372156,0.8,1.47
716.90 ,"Arthropathy, unspecified, site...",Diseases of the musculoskeletal...,10154,128,1.1,0.3112064845,0.91,1.32
345.90 ,"Epilepsy, unspecified, without...",Diseases of the nervous system,1023,13,1.1,0.6601098366,0.58,1.89
380.4 ,Impacted cerumen,Diseases of the nervous system,7349,93,1.1,0.3697006367,0.88,1.36
884.0 ,Multiple and unspecified open...,Injury and poisoning,4270,54,1.1,0.5125275988,0.82,1.44
919.0 ,"Abrasion or friction burn of other,...",Injury and poisoning,2916,37,1.1,0.54032278,0.77,1.52
402.90 ,Unspecified hypertensive heart...,Diseases of the circulatory system,23865,299,1.1,0.1419233429,0.97,1.25
715.98 ,"Osteoarthrosis, unspecified whether...",Diseases of the musculoskeletal...,1274,16,1.09,0.6925834444,0.62,1.78
716.66 ,"Unspecified monoarthritis, lower...",Diseases of the musculoskeletal...,711,9,1.09,0.7239649028,0.5,2.09
720.0 ,Ankylosing spondylitis,Diseases of the musculoskeletal...,633,8,1.09,0.7092891239,0.47,2.17
389.10 ,"Sensorineural hearing loss, unspecified",Diseases of the nervous system,3731,47,1.09,0.5347151108,0.8,1.46
682.8 ,Cellulitis and abscess of other...,Diseases of the skin and subcutaneous...,1040,13,1.08,0.7697710504,0.57,1.86
724.00 ,"Spinal stenosis, unspecified region",Diseases of the musculoskeletal...,1357,17,1.08,0.701413545,0.63,1.75
367.4 ,Presbyopia,Diseases of the nervous system,2088,26,1.08,0.6796498578,0.7,1.59
367.89 ,Other disorders of refraction...,Diseases of the nervous system,642,8,1.08,0.7129307287,0.46,2.14
372.14 ,Other chronic allergic conjunctivitis,Diseases of the nervous system,5053,63,1.08,0.546109464,0.82,1.39
374.05 ,Trichiasis of eyelid without entropion,Diseases of the nervous system,8686,108,1.08,0.4367551724,0.88,1.31
574.20 ,Calculus of gallbladder without...,Diseases of the digestive system,2567,32,1.08,0.6412675348,0.73,1.53
891.0 ,"Open wound of knee, leg [except...",Injury and poisoning,4880,61,1.08,0.5393280832,0.82,1.4
272.4 ,Other and unspecified hyperlipidemia,"Endocrine, nutritional and metabolic...",8295,102,1.07,0.524928258,0.86,1.31
715.90 ,"Osteoarthrosis, unspecified whether...",Diseases of the musculoskeletal...,19259,236,1.07,0.3442352193,0.93,1.23
487.1 ,Influenza with other respiratory...,Diseases of the respiratory system,15728,194,1.07,0.3615202144,0.92,1.25
362.50 ,"Macular degeneration (senile),...",Diseases of the nervous system,3478,43,1.07,0.6300969104,0.77,1.45
733.01 ,Senile osteoporosis,Diseases of the musculoskeletal...,2351,29,1.07,0.6970819918,0.71,1.54
532.90 ,"Duodenal ulcer, unspecified as...",Diseases of the digestive system,4438,55,1.07,0.6171109862,0.8,1.41
550 ,Inguinsl hernia,Diseases of the digestive system,728,9,1.07,0.7294293824,0.49,2.04
599.7 ,Hematuria,Diseases of the genitourinary...,6490,80,1.07,0.5520980935,0.84,1.34
153.9 ,"Malignant neoplasm of colon, unspecified...",Neoplasms,2205,27,1.06,0.7628115622,0.69,1.55
307.81 ,Tension headache,Mental disorders,2456,30,1.06,0.7747364428,0.71,1.52
372.3 ,Other and unspecified conjunctivitis,Diseases of the nervous system,1706,21,1.06,0.7323721166,0.65,1.64
922.9 ,Contusion of unspecified part...,Injury and poisoning,813,10,1.06,0.7430697986,0.51,1.97
692.79 ,Other dermatitis due to solar...,Diseases of the skin and subcutaneous...,655,8,1.05,0.8534201135,0.45,2.1
300.89 ,Other somatoform disorders,Mental disorders,901,11,1.05,0.7555955494,0.52,1.9
569.3 ,Hemorrhage of rectum and anus,Diseases of the digestive system,657,8,1.05,0.8536960451,0.45,2.09
894.0 ,Multiple and unspecified open...,Injury and poisoning,6362,77,1.05,0.6743427543,0.82,1.32
917.0 ,Abrasion or friction burn of foot...,Injury and poisoning,739,9,1.05,0.8619868589,0.48,2.01
110.1 ,Dermatophytosis of nail,Infectious and parasitic diseases,6497,78,1.04,0.7214763264,0.81,1.31
434.1 ,Cerebral embolism,Diseases of the circulatory system,2573,31,1.04,0.7801991186,0.7,1.49
706.3 ,Seborrhea,Diseases of the skin and subcutaneous...,1752,21,1.04,0.8220556229,0.64,1.59
365.20 ,"Primary angle-closure glaucoma,...",Diseases of the nervous system,582,7,1.04,0.8451049687,0.41,2.16
382.9 ,Unspecified otitis media,Diseases of the nervous system,2491,30,1.04,0.7769181404,0.7,1.5
682.6 ,"Cellulitis and abscess of leg,...",Diseases of the skin and subcutaneous...,2268,27,1.03,0.8430079014,0.67,1.51
434.9 ,"Cerebral artery occlusion, unspecified",Diseases of the circulatory system,11955,142,1.03,0.7538769043,0.86,1.22
702.0 ,Actinic keratosis,Diseases of the skin and subcutaneous...,838,10,1.03,0.8707152887,0.49,1.91
250.40 ,"Diabetes with renal manifestations,...","Endocrine, nutritional and metabolic...",2016,24,1.03,0.8339559774,0.65,1.54
850.0 ,Concussion with no loss of consciousness,Injury and poisoning,1252,15,1.03,0.8939159595,0.58,1.72
706.8 ,Other specified diseases of sebaceous...,Diseases of the skin and subcutaneous...,2359,28,1.02,0.8460907019,0.68,1.49
716.96 ,"Arthropathy, unspecified, lower...",Diseases of the musculoskeletal...,1180,14,1.02,0.890889461,0.56,1.73
726.90 ,Enthesopathy of unspecified site,Diseases of the musculoskeletal...,3794,45,1.02,0.8775020003,0.74,1.38
110.3 ,Dermatophytosis of groin and perianal...,Infectious and parasitic diseases,4200,49,1.01,0.9415571936,0.74,1.34
715.09 ,"Osteoarthrosis, generalized, multiple...",Diseases of the musculoskeletal...,1452,17,1.01,0.9018142804,0.59,1.63
722.73 ,Intervertebral disc disorder with...,Diseases of the musculoskeletal...,686,8,1.01,0.8586605589,0.43,2
344.61 ,Cauda equina syndrome with neurogenic...,Diseases of the nervous system,771,9,1.01,0.8664018993,0.46,1.93
370.20 ,"Superficial keratitis, unspecified",Diseases of the nervous system,768,9,1.01,0.8659118648,0.46,1.94
372.40 ,"Pterygium, unspecified",Diseases of the nervous system,1789,21,1.01,0.9112847364,0.62,1.56
372.72 ,Conjunctival hemorrhage,Diseases of the nervous system,2741,32,1.01,0.9280988442,0.69,1.43
402.10 ,Benign hypertensive heart disease...,Diseases of the circulatory system,7575,89,1.01,0.8683281388,0.81,1.26
704.8 ,Other specified diseases of hair...,Diseases of the skin and subcutaneous...,1292,15,1,0.8964284217,0.56,1.66
601.1 ,Chronic prostatitis,Diseases of the genitourinary...,1653,19,0.99,1,0.59,1.56
078.1 ,Viral warts,Infectious and parasitic diseases,3644,42,0.99,1,0.71,1.35
272.0 ,Pure hypercholesterolemia,"Endocrine, nutritional and metabolic...",2255,26,0.99,1,0.65,1.47
342.9 ,"Hemiplegia, unspecified",Diseases of the nervous system,961,11,0.99,1,0.49,1.78
533.40 ,Chronic or unspecified peptic...,Diseases of the digestive system,1391,16,0.99,1,0.56,1.62
785.0 ,"Tachycardia, unspecified","Comorbidities, signs, and ill-defined...",525,6,0.99,1,0.36,2.17
402.00 ,Malignant hypertensive heart disease...,Diseases of the circulatory system,1662,19,0.99,1,0.59,1.55
250.50 ,"Diabetes with ophthalmic manifestations,...","Endocrine, nutritional and metabolic...",703,8,0.98,1,0.42,1.95
724.9 ,Other unspecified back disorders,Diseases of the musculoskeletal...,1664,19,0.98,1,0.59,1.55
366.10 ,"Senile cataract, unspecified",Diseases of the nervous system,23457,267,0.98,0.7624507021,0.85,1.12
786.51 ,Precordial pain,"Comorbidities, signs, and ill-defined...",701,8,0.98,1,0.42,1.96
601.0 ,Acute prostatitis,Diseases of the genitourinary...,797,9,0.97,1,0.44,1.86
607.84 ,Impotence of organic origin,Diseases of the genitourinary...,886,10,0.97,1,0.46,1.8
686.0 ,Pyoderma,Diseases of the skin and subcutaneous...,1694,19,0.97,1,0.58,1.52
692.4 ,Contact dermatitis and other eczema...,Diseases of the skin and subcutaneous...,1245,14,0.97,1,0.53,1.64
698.3 ,Lichenification and lichen simplex...,Diseases of the skin and subcutaneous...,4245,48,0.97,0.9418698667,0.71,1.3
478.5 ,Other diseases of vocal cords,Diseases of the respiratory system,1512,17,0.97,1,0.56,1.56
372.10 ,"Chronic conjunctivitis, unspecified",Diseases of the nervous system,29121,330,0.97,0.6647136702,0.86,1.1
854.00 ,Intracranial injury of other and...,Injury and poisoning,1946,22,0.97,1,0.61,1.49
893.0 ,"Open wound of toe(s), without...",Injury and poisoning,980,11,0.97,1,0.48,1.74
690 ,Erythematosquamous dermatosis,Diseases of the skin and subcutaneous...,5037,56,0.96,0.8402837585,0.72,1.25
738.4 ,Acquired spondylolisthesis,Diseases of the musculoskeletal...,1075,12,0.96,1,0.49,1.69
373.00 ,"Blepharitis, unspecified",Diseases of the nervous system,3129,35,0.96,0.9325558072,0.67,1.35
388.40 ,"Abnormal auditory perception,...",Diseases of the nervous system,629,7,0.96,1,0.38,1.99
924.01 ,Contusion of hip,Injury and poisoning,809,9,0.96,1,0.44,1.83
374.30 ,"Ptosis of eyelid, unspecified",Diseases of the nervous system,545,6,0.95,1,0.35,2.08
331.0 ,Alzheimer's disease,Diseases of the nervous system,1193,13,0.94,1,0.5,1.62
531.00 ,"Acute gastric ulcer with hemorrhage,...",Diseases of the digestive system,1010,11,0.94,1,0.47,1.69
362.9 ,Unspecified retinal disorder,Diseases of the nervous system,549,6,0.94,1,0.34,2.07
574.50 ,Calculus of bile duct without...,Diseases of the digestive system,641,7,0.94,1,0.38,1.96
379.8 ,Other specified disorders of eye...,Diseases of the nervous system,548,6,0.94,1,0.34,2.07
873.40 ,"Open wound of face, unspecified...",Injury and poisoning,3313,36,0.94,0.8048928223,0.65,1.3
266.9 ,Unspecified vitamin B deficiency,"Endocrine, nutritional and metabolic...",559,6,0.93,1,0.34,2.03
366.53 ,"After-cataract, obscuring vision",Diseases of the nervous system,1570,17,0.93,0.9054115744,0.54,1.5
370.40 ,"Keratoconjunctivitis, unspecified",Diseases of the nervous system,743,8,0.93,1,0.4,1.84
405.99 ,Other unspecified secondary hypertension,Diseases of the circulatory system,1115,12,0.93,1,0.48,1.63
435.0 ,Basilar artery syndrome,Diseases of the circulatory system,1217,13,0.92,0.8929529397,0.49,1.58
155.0 ,"Malignant neoplasm of liver, primary",Neoplasms,1492,16,0.92,0.9028721368,0.53,1.51
263.9 ,Unspecified protein-calorie malnutrition,"Endocrine, nutritional and metabolic...",1317,14,0.92,0.8967147034,0.5,1.55
715.38 ,"Osteoarthrosis, localized, not...",Diseases of the musculoskeletal...,655,7,0.92,1,0.37,1.91
533.50 ,Chronic or unspecified peptic...,Diseases of the digestive system,659,7,0.92,1,0.37,1.9
380.10 ,"Infective otitis externa, unspecified",Diseases of the nervous system,6074,65,0.92,0.5398535653,0.7,1.18
879.8 ,Open wound(s) (multiple) of unspecified...,Injury and poisoning,2515,27,0.92,0.7776623613,0.61,1.35
958.3 ,Posttraumatic wound infection...,Injury and poisoning,2464,26,0.91,0.7040043453,0.59,1.34
681.00 ,"Cellulitis and abscess of finger,...",Diseases of the skin and subcutaneous...,570,6,0.91,1,0.33,1.99
692.89 ,Contact dermatitis and other eczema...,Diseases of the skin and subcutaneous...,3319,35,0.91,0.6225462018,0.63,1.27
307.41 ,Transient disorder of initiating...,Mental disorders,1134,12,0.91,0.8890452353,0.47,1.6
331.2 ,Senile degeneration of brain,Diseases of the nervous system,767,8,0.9,1,0.39,1.78
332 ,Parkinson's disease,Diseases of the nervous system,1912,20,0.9,0.7464942543,0.55,1.4
728.89 ,"Other disorders of muscle, ligament,...",Diseases of the musculoskeletal...,1150,12,0.9,0.8894266473,0.46,1.58
375.56 ,"Stenosis of nasolacrimal duct,...",Diseases of the nervous system,1149,12,0.9,0.8893944515,0.46,1.58
590.10 ,Acute pyelonephritis without lesion...,Diseases of the genitourinary...,767,8,0.9,1,0.39,1.78
154.1 ,Malignant neoplasm of rectum,Neoplasms,1258,13,0.89,0.7912778918,0.47,1.53
332.0 ,Paralysis agitans,Diseases of the nervous system,5471,57,0.89,0.4392034329,0.67,1.17
728.85 ,Spasm of muscle,Diseases of the musculoskeletal...,867,9,0.89,0.8737685709,0.41,1.71
531.30 ,Acute gastric ulcer without mention...,Diseases of the digestive system,1551,16,0.89,0.7210133024,0.5,1.45
487.8 ,Influenza with other manifestations,Diseases of the respiratory system,2831,29,0.88,0.5936051201,0.59,1.27
716.50 ,Unspecified polyarthropathy or...,Diseases of the musculoskeletal...,693,7,0.87,0.8592454786,0.35,1.81
349 ,Other and unspecified disorders...,Diseases of the nervous system,602,6,0.86,1,0.31,1.88
883.0 ,"Open wound of finger(s), without...",Injury and poisoning,1909,19,0.86,0.5897331599,0.51,1.34
594.1 ,Other calculus in bladder,Diseases of the genitourinary...,598,6,0.86,1,0.32,1.9
785.50 ,"Shock, unspecified","Comorbidities, signs, and ill-defined...",605,6,0.85,0.8497892238,0.31,1.87
820.00 ,Closed fracture of intracapsular...,Injury and poisoning,708,7,0.85,0.8596249331,0.34,1.77
843.9 ,Sprains and strains of unspecified...,Injury and poisoning,822,8,0.84,0.7443133026,0.36,1.66
374.00 ,"Entropion, unspecified",Diseases of the nervous system,1333,13,0.84,0.6079821575,0.44,1.44
370.00 ,"Corneal ulcer, unspecified",Diseases of the nervous system,519,5,0.83,0.8381294954,0.27,1.95
933.0 ,Foreign body in pharynx,Injury and poisoning,524,5,0.82,0.838207837,0.27,1.93
430 ,Subarachnoid hemorrhage,Diseases of the circulatory system,733,7,0.82,0.7303888165,0.33,1.71
250.00 ,Diabetes mellitus without mention...,"Endocrine, nutritional and metabolic...",17490,170,0.82,0.0123555441,0.69,0.96
820.21 ,Closed fracture of intertrochanteric...,Injury and poisoning,1365,13,0.82,0.609544689,0.43,1.41
591 ,Hydronephrosis,Diseases of the genitourinary...,944,9,0.82,0.7585651346,0.37,1.57
250.80 ,Diabetes with other specified...,"Endocrine, nutritional and metabolic...",635,6,0.81,0.851185206,0.3,1.78
306.4 ,Gastrointestinal malfunction arising...,Mental disorders,535,5,0.8,0.8386924385,0.26,1.89
798.2 ,Death occurring in less than 24...,"Comorbidities, signs, and ill-defined...",864,8,0.8,0.6329796284,0.34,1.58
379.99 ,Other ill-defined disorders of...,Diseases of the nervous system,647,6,0.8,0.7139177315,0.29,1.75
698.4 ,Dermatitis factitia [artefacta],Diseases of the skin and subcutaneous...,978,9,0.79,0.6507656822,0.36,1.51
715.10 ,"Osteoarthrosis, localized, primary,...",Diseases of the musculoskeletal...,1083,10,0.79,0.5683574997,0.38,1.47
531.70 ,Chronic gastric ulcer without...,Diseases of the digestive system,1841,17,0.79,0.4410338698,0.46,1.28
597.89 ,Other urethritis,Diseases of the genitourinary...,654,6,0.79,0.7141026367,0.29,1.73
707.1 ,"Ulcer of lower limbs, except decubitus",Diseases of the skin and subcutaneous...,1432,13,0.78,0.4553772122,0.41,1.34
523.9 ,Unspecified gingival and periodontal...,Diseases of the digestive system,1098,10,0.78,0.5694117154,0.37,1.45
728.2 ,"Muscular wasting and disuse atrophy,...",Diseases of the musculoskeletal...,553,5,0.78,0.8403626967,0.25,1.83
366.8 ,Other cataract,Diseases of the nervous system,1097,10,0.78,0.5693125935,0.37,1.45
550.90 ,"Inguinal hernia, without mention...",Diseases of the digestive system,2632,24,0.78,0.2689217438,0.5,1.17
588.8 ,Secondary hyperparathyroidism...,Diseases of the genitourinary...,550,5,0.78,0.8400120941,0.25,1.84
681.9 ,Cellulitis and abscess of unspecified...,Diseases of the skin and subcutaneous...,783,7,0.77,0.6150517877,0.31,1.59
715.30 ,"Osteoarthrosis, localized, not...",Diseases of the musculoskeletal...,1006,9,0.77,0.5527379843,0.35,1.47
368.13 ,Visual discomfort,Diseases of the nervous system,6046,54,0.76,0.0488470035,0.57,1
574.00 ,Calculus of gallbladder with acute...,Diseases of the digestive system,566,5,0.76,0.6941143066,0.25,1.79
290.3 ,Senile dementia with delirium,Mental disorders,691,6,0.75,0.5936594408,0.27,1.64
362.51 ,Nonexudative senile macular degeneration,Diseases of the nervous system,1037,9,0.75,0.4661187129,0.34,1.42
367.9 ,Unspecified disorder of refraction...,Diseases of the nervous system,1708,15,0.75,0.3606390941,0.42,1.25
370.21 ,Punctate keratitis,Diseases of the nervous system,1949,17,0.75,0.2849317153,0.43,1.2
454.9 ,Asymptomatic varicose veins,Diseases of the circulatory system,934,8,0.74,0.5365622077,0.32,1.46
854.01 ,Intracranial injury of other and...,Injury and poisoning,926,8,0.74,0.5353292499,0.32,1.47
924.5 ,Contusion of unspecified part...,Injury and poisoning,933,8,0.74,0.5363906316,0.32,1.46
700 ,Corns and callosities,Diseases of the skin and subcutaneous...,1412,12,0.73,0.3178432842,0.37,1.28
706.2 ,Sebaceous cyst,Diseases of the skin and subcutaneous...,586,5,0.73,0.6961779459,0.24,1.72
357.9 ,Unspecified inflammatory and toxic...,Diseases of the nervous system,589,5,0.73,0.6966829321,0.24,1.72
366.17 ,Total or mature cataract,Diseases of the nervous system,1054,9,0.73,0.467640282,0.33,1.4
250.70 ,Diabetes with peripheral circulatory...,"Endocrine, nutritional and metabolic...",1228,10,0.7,0.3456485457,0.33,1.29
532.00 ,"Acute duodenal ulcer with hemorrhage,...",Diseases of the digestive system,745,6,0.69,0.4901162765,0.25,1.52
373.11 ,Hordeolum externum,Diseases of the nervous system,876,7,0.69,0.4257878438,0.27,1.42
848.8 ,Other specified sites of sprains...,Injury and poisoning,744,6,0.69,0.4899924193,0.25,1.52
447.6 ,"Arteritis, unspecified",Diseases of the circulatory system,1002,8,0.68,0.3716898944,0.29,1.36
366.19 ,Other and combined forms of senile...,Diseases of the nervous system,7133,57,0.68,0.0025507267,0.51,0.88
923.00 ,Contusion of shoulder region,Injury and poisoning,637,5,0.67,0.5735850552,0.22,1.58
290.9 ,Unspecified senile psychotic condition,Mental disorders,1426,11,0.66,0.2114156748,0.33,1.19
355.0 ,Lesion of sciatic nerve,Diseases of the nervous system,522,4,0.66,0.5382151672,0.18,1.7
532.70 ,Chronic duodenal ulcer without...,Diseases of the digestive system,1697,13,0.66,0.137889771,0.35,1.13
440.8 ,Atherosclerosis of other specified...,Diseases of the circulatory system,531,4,0.65,0.5393756482,0.18,1.67
727.03 ,Trigger finger (acquired),Diseases of the musculoskeletal...,532,4,0.65,0.5395487852,0.17,1.67
216.9 ,"Benign neoplasm of skin, site...",Neoplasms,2280,17,0.64,0.0607776478,0.37,1.03
389 ,Hearing loss,Diseases of the nervous system,673,5,0.64,0.4656171424,0.21,1.5
250.60 ,"Diabetes with neurological manifestations,...","Endocrine, nutritional and metabolic...",2723,20,0.63,0.0368049906,0.38,0.97
362.01 ,Background diabetic retinopathy,Diseases of the nervous system,975,7,0.61,0.2299080022,0.25,1.28
215.9 ,Other benign neoplasm of connective...,Neoplasms,569,4,0.6,0.4294809307,0.16,1.55
444.22 ,Arterial embolism and thrombosis...,Diseases of the circulatory system,860,6,0.6,0.2611029612,0.22,1.31
692.3 ,Contact dermatitis and other eczema...,Diseases of the skin and subcutaneous...,1178,8,0.58,0.1326427591,0.25,1.15
464.4 ,Croup,Diseases of the respiratory system,596,4,0.58,0.3379552613,0.16,1.48
590.9 ,"Infection of kidney, unspecified",Diseases of the genitourinary...,625,4,0.55,0.3432166546,0.15,1.41
696.1 ,Other psoriasis,Diseases of the skin and subcutaneous...,1269,8,0.54,0.0850941159,0.23,1.07
379.39 ,Other disorders of lens,Diseases of the nervous system,942,6,0.54,0.1664073517,0.2,1.19
716.98 ,"Arthropathy, unspecified, other...",Diseases of the musculoskeletal...,804,5,0.53,0.1848383347,0.17,1.25
726.10 ,Disorders of bursae and tendons...,Diseases of the musculoskeletal...,646,4,0.53,0.265779516,0.14,1.37
718.40 ,"Contracture of joint, site unspecified",Diseases of the musculoskeletal...,516,3,0.5,0.3000115502,0.1,1.47
290.10 ,"Presenile dementia, uncomplicated",Mental disorders,598,3,0.43,0.175706552,0.09,1.26
433.2 ,Occlusion and stenosis of vertebral...,Diseases of the circulatory system,605,3,0.42,0.1771125372,0.09,1.25
331.9 ,"Cerebral degeneration, unspecified",Diseases of the nervous system,613,3,0.42,0.1792074265,0.09,1.23
684 ,Impetigo,Diseases of the skin and subcutaneous...,639,3,0.4,0.1336319637,0.08,1.18
377.10 ,"Optic atrophy, unspecified",Diseases of the nervous system,883,4,0.39,0.0553841784,0.1,1
604.90 ,"Orchitis and epididymitis, unspecified",Diseases of the genitourinary...,600,2,0.28,0.0545444701,0.03,1.03
