disease_2,disease_name,category,count,co_occurrence,odds_ratio,p_value,95_ci_lower,95_ci_upper
532.9 ,"Duodenal ulcer, unspecified as...",Diseases of the digestive system,5121,948,33.26,< 0.0001,30.78,35.94
533.9 ,"Peptic ulcer, site unspecified,...",Diseases of the digestive system,27389,1658,10.78,< 0.0001,10.16,11.43
578.0 ,Hematemesis,Diseases of the digestive system,2011,150,10.11,2.229673e-91,8.48,11.97
533.3 ,"Peptic ulcer, site unspecified,...",Diseases of the digestive system,1957,131,8.97,2.840347e-74,7.44,10.73
533.0 ,"Peptic ulcer, site unspecified...",Diseases of the digestive system,2885,183,8.54,2.25072e-99,7.29,9.94
578 ,Gastrointestinal hemorrhage,Diseases of the digestive system,1753,97,7.28,3.756189e-48,5.86,8.95
531 ,Gastric ulcer,Diseases of the digestive system,9835,511,7.28,3.31068e-239,6.62,8
151.9 ,"Malignant neoplasm of stomach,...",Neoplasms,3202,174,7.23,4.651939e-84,6.15,8.45
574.2 ,Calculus of gallbladder without...,Diseases of the digestive system,3731,182,6.45,2.022738e-80,5.52,7.51
531.90 ,"Gastric ulcer, unspecified as...",Diseases of the digestive system,26928,1100,6.24,< 0.0001,5.83,6.68
533.7 ,"Peptic ulcer, site unspecified,...",Diseases of the digestive system,1186,56,6.12,4.070996e-25,4.58,8.01
574.5 ,Calculus of bile duct without...,Diseases of the digestive system,1299,61,6.09,4.322675e-27,4.62,7.89
530 ,Diseases of esophagus,Diseases of the digestive system,1271,57,5.8,1.888252e-24,4.36,7.57
530.2 ,Ulcer of esophagus,Diseases of the digestive system,4937,203,5.41,8.006457e-77,4.66,6.24
578.9 ,Hemorrhage of gastrointestinal...,Diseases of the digestive system,18433,641,4.85,2.8572e-207,4.45,5.27
532 ,Duodenal ulcer,Diseases of the digestive system,7290,266,4.82,3.445257e-89,4.23,5.46
531.30 ,Acute gastric ulcer without mention...,Diseases of the digestive system,7405,263,4.68,1.027935e-85,4.11,5.31
533.10 ,Acute peptic ulcer of unspecified...,Diseases of the digestive system,1374,50,4.66,6.666084e-18,3.43,6.18
789 ,Other symptoms involving abdomen...,"Comorbidities, signs, and ill-defined...",2861,103,4.64,8.362581e-35,3.77,5.66
574.0 ,Calculus of gallbladder with acute...,Diseases of the digestive system,1752,61,4.45,1.474351e-20,3.39,5.76
530.1 ,Esophagitis,Diseases of the digestive system,22726,703,4.32,6.83318e-200,3.99,4.69
530.9 ,Unspecified disorder of esophagus,Diseases of the digestive system,3023,100,4.25,6.120065e-31,3.44,5.19
560 ,Intestinal obstruction without...,Diseases of the digestive system,1359,45,4.22,0.000000000000008206296,3.06,5.68
531.00 ,"Acute gastric ulcer with hemorrhage,...",Diseases of the digestive system,3757,123,4.21,2.829273e-37,3.48,5.05
155 ,Malignant liver and intrahepatic...,Neoplasms,2583,85,4.21,2.192137e-26,3.35,5.24
296.2 ,"Major depressive disorder, single...",Mental disorders,1547,50,4.12,7.103307e-16,3.04,5.46
578.1 ,Blood in stool,Diseases of the digestive system,3036,97,4.09,6.298779e-29,3.3,5.02
535.5 ,Unspecified gastritis & gastroduodenitis,Diseases of the digestive system,12692,386,4.05,1.17644e-105,3.64,4.5
155.2 ,"Malignant neoplasm of liver, not...",Neoplasms,3632,112,3.95,7.628263e-32,3.24,4.78
300.0 ,Anxiety states,Mental disorders,18919,547,3.93,1.0201e-141,3.59,4.3
533.91 ,"Peptic ulcer of unspecified site,...",Diseases of the digestive system,2276,70,3.92,1.962696e-20,3.04,4.98
535.4 ,Other specified gastritis,Diseases of the digestive system,5669,171,3.9,1.256075e-46,3.32,4.55
280 ,Iron deficiency anemias,Diseases of the blood and blood-forming...,1580,48,3.86,0.0000000000000257198,2.83,5.15
571.4 ,Chronic hepatitis,Diseases of the digestive system,38028,1010,3.85,1.65983e-242,3.59,4.13
558.1 ,Gastroenteritis and colitis due...,Diseases of the digestive system,1260,38,3.83,0.00000000001444191,2.69,5.29
307.4 ,Specific disorders of sleep of...,Mental disorders,2816,84,3.81,2.321254e-23,3.02,4.74
571.2 ,Alcoholic cirrhosis of liver,Diseases of the digestive system,1805,54,3.8,0.000000000000001228302,2.84,4.99
280.9 ,"Iron deficiency anemia, unspecified",Diseases of the blood and blood-forming...,5409,159,3.79,4.136251e-42,3.21,4.44
569.0 ,Anal and rectal polyp,Diseases of the digestive system,3079,89,3.69,9.456013e-24,2.95,4.56
531.40 ,Chronic or unspecified gastric...,Diseases of the digestive system,2368,68,3.65,2.230509e-18,2.82,4.65
532.30 ,Acute duodenal ulcer without mention...,Diseases of the digestive system,4720,133,3.61,1.201515e-33,3.01,4.3
533 ,"Peptic ulcer, site unspecified",Diseases of the digestive system,22988,603,3.57,7.57501e-138,3.28,3.89
532.40 ,Chronic or unspecified duodenal...,Diseases of the digestive system,1913,53,3.51,0.00000000000004560549,2.62,4.62
533.30 ,Acute peptic ulcer of unspecified...,Diseases of the digestive system,8484,230,3.51,1.863202e-54,3.06,4.02
239.0 ,Neoplasm of unspecified nature...,Neoplasms,3196,88,3.51,3.863186e-22,2.8,4.34
413 ,Angina pectoris,Diseases of the circulatory system,8506,230,3.5,2.867408e-54,3.05,4.01
535.0 ,Acute gastritis,Diseases of the digestive system,20070,520,3.49,2.98503e-116,3.18,3.82
564 ,"Functional digestive disorders,...",Diseases of the digestive system,24517,625,3.48,1.7891e-137,3.19,3.79
724.1 ,Pain in thoracic spine,Diseases of the musculoskeletal...,1587,43,3.43,0.00000000002095627,2.47,4.65
571.5 ,Cirrhosis of liver without mention...,Diseases of the digestive system,18101,464,3.42,6.93073e-102,3.1,3.77
715.0 ,"Osteoarthrosis, generalized",Diseases of the musculoskeletal...,3545,93,3.34,6.6528e-22,2.68,4.11
574 ,Cholelithiasis,Diseases of the digestive system,4215,110,3.33,1.912725e-25,2.72,4.03
783.2 ,Abnormal loss of weight,"Comorbidities, signs, and ill-defined...",5817,151,3.32,3.980807e-34,2.8,3.92
577.0 ,Acute pancreatitis,Diseases of the digestive system,3074,80,3.3,7.274681e-19,2.61,4.13
715.9 ,"Osteoarthrosis, unspecified whether...",Diseases of the musculoskeletal...,16512,409,3.27,2.689817e-85,2.95,3.63
155.0 ,"Malignant neoplasm of liver, primary",Neoplasms,9630,243,3.27,4.342567e-52,2.86,3.72
285.9 ,"Anemia, unspecified",Diseases of the blood and blood-forming...,18971,463,3.25,1.11222e-94,2.94,3.58
715.1 ,"Osteoarthrosis, localized, primary",Diseases of the musculoskeletal...,2809,72,3.25,8.434247e-17,2.53,4.11
719.9 ,Unspecified disorder of joint,Diseases of the musculoskeletal...,1669,42,3.18,0.0000000003249669,2.28,4.32
532.90 ,"Duodenal ulcer, unspecified as...",Diseases of the digestive system,22335,527,3.16,9.43796e-103,2.88,3.46
346 ,Migraine,Diseases of the nervous system,2104,52,3.12,0.000000000005390921,2.32,4.12
535.10 ,"Atrophic gastritis, without mention...",Diseases of the digestive system,2368,58,3.1,0.0000000000004839282,2.34,4.02
038 ,Septicemia,Infectious and parasitic diseases,3117,76,3.09,1.693614e-16,2.42,3.88
726.6 ,Enthesopathy of knee,Diseases of the musculoskeletal...,2512,61,3.07,0.0000000000001771171,2.34,3.96
786.5 ,Chest pain,"Comorbidities, signs, and ill-defined...",18794,436,3.07,1.952645e-82,2.77,3.39
345.9 ,"Epilepsy, unspecified",Diseases of the nervous system,1613,39,3.05,0.0000000040125547,2.16,4.19
716.9 ,"Arthropathy, unspecified",Diseases of the musculoskeletal...,19509,448,3.04,2.122581e-83,2.75,3.35
389.1 ,Sensorineural hearing loss,Diseases of the nervous system,3514,84,3.03,1.42084e-17,2.41,3.77
070.3 ,Viral hepatitis B without mention...,Infectious and parasitic diseases,1476,35,2.99,0.000000038700245,2.07,4.18
531.70 ,Chronic gastric ulcer without...,Diseases of the digestive system,9391,218,2.99,2.131335e-41,2.59,3.43
386.1 ,Other and unspecified peripheral...,Diseases of the nervous system,5765,135,2.98,1.732496e-26,2.49,3.55
372.2 ,Blepharoconjunctivitis,Diseases of the nervous system,3217,75,2.95,0.000000000000002619909,2.31,3.71
693.1 ,Dermatitis due to food taken internally,Diseases of the skin and subcutaneous...,1322,31,2.95,0.00000028240949,1.99,4.21
296 ,Disorganized type,Mental disorders,1548,36,2.93,0.000000040256711,2.04,4.08
536.9 ,Unspecified functional disorder...,Diseases of the digestive system,132752,2282,2.92,1.18621e-303,2.77,3.09
153.9 ,"Malignant neoplasm of colon, unspecified...",Neoplasms,6814,156,2.92,2.338114e-29,2.47,3.43
404.9 ,"Hypertensive heart and renal diseas,...",Diseases of the circulatory system,1216,28,2.89,0.0000014576599,1.91,4.21
211.3 ,Benign neoplasm of colon,Neoplasms,6612,150,2.89,6.891546e-28,2.44,3.41
250.4 ,Diabetes with renal manifestations,"Endocrine, nutritional and metabolic...",4519,103,2.89,9.210842e-20,2.35,3.52
854.0 ,Intracranial injury of other and...,Injury and poisoning,1673,38,2.86,0.000000031523358,2.01,3.94
721.9 ,Spondylosis of unspecified site,Diseases of the musculoskeletal...,2736,62,2.86,0.0000000000020452,2.18,3.68
473.8 ,Other chronic sinusitis,Diseases of the respiratory system,1627,37,2.86,0.000000045993585,2,3.97
571.0 ,Alcoholic fatty liver,Diseases of the digestive system,2200,50,2.86,0.0000000002352598,2.12,3.79
789.5 ,Ascites,"Comorbidities, signs, and ill-defined...",1803,41,2.86,0.000000009000769,2.04,3.9
427.3 ,Atrial fibrillation and flutter,Diseases of the circulatory system,1764,40,2.85,0.000000014593142,2.03,3.91
715.3 ,"Osteoarthrosis, localized, not...",Diseases of the musculoskeletal...,5030,113,2.85,4.627931e-21,2.34,3.44
782.4 ,"Jaundice, unspecified, not of...","Comorbidities, signs, and ill-defined...",2390,54,2.85,0.0000000000572955,2.13,3.73
476.1 ,Chronic laryngotracheitis,Diseases of the respiratory system,2039,46,2.84,0.0000000014975343,2.07,3.81
533.90 ,"Peptic ulcer of unspecified site,...",Diseases of the digestive system,87175,1608,2.82,5.73554e-226,2.66,2.99
577.1 ,Chronic pancreatitis,Diseases of the digestive system,1291,29,2.82,0.0000015515848,1.88,4.08
386.0 ,Meniere's disease,Diseases of the nervous system,4349,97,2.82,4.239826e-18,2.28,3.46
365.1 ,Open-angle glaucoma,Diseases of the nervous system,1252,28,2.81,0.000002523024,1.86,4.09
564.1 ,Irritable bowel syndrome,Diseases of the digestive system,48850,970,2.79,2.6657e-146,2.6,2.99
410.9 ,Acute myocardial infarction of...,Diseases of the circulatory system,1399,31,2.78,0.00000091793269,1.88,3.97
211.5 ,Benign neoplasm of liver and biliary...,Neoplasms,2656,58,2.75,0.0000000000420625,2.08,3.57
300.4 ,Dysthymic disorder,Mental disorders,21128,435,2.71,2.220904e-67,2.45,2.99
353 ,Nerve root and plexus disorders,Diseases of the nervous system,2052,44,2.7,0.000000014467543,1.95,3.64
733.0 ,Osteoporosis,Diseases of the musculoskeletal...,6871,146,2.7,2.147035e-24,2.27,3.19
780.5 ,Sleep disturbance,"Comorbidities, signs, and ill-defined...",22478,461,2.7,5.763968e-71,2.45,2.98
150.9 ,"Malignant neoplasm of esophagus,...",Neoplasms,1397,30,2.7,0.000002524627,1.81,3.87
250.6 ,Diabetes with neurological manifestations,"Endocrine, nutritional and metabolic...",6887,146,2.7,2.521142e-24,2.27,3.18
427 ,Cardiac dysrhythmias,Diseases of the circulatory system,9212,194,2.69,1.356048e-31,2.32,3.11
367.53 ,Spasm of accommodation,Diseases of the nervous system,3471,74,2.69,0.00000000000030764,2.1,3.39
588 ,Disorders resulting from impaired...,Diseases of the genitourinary...,1496,32,2.69,0.000001297766,1.83,3.81
780 ,General symptoms,"Comorbidities, signs, and ill-defined...",3139,67,2.69,0.000000000003724275,2.08,3.43
528.3 ,Cellulitis and abscess of oral...,Diseases of the digestive system,1305,28,2.69,0.0000054237131,1.78,3.91
474.0 ,Chronic tonsillitis,Diseases of the respiratory system,2250,48,2.68,0.0000000038738583,1.97,3.57
533.40 ,Chronic or unspecified peptic...,Diseases of the digestive system,6517,137,2.67,1.240879e-22,2.23,3.17
698.1 ,Pruritus of genital organs,Diseases of the skin and subcutaneous...,1177,25,2.66,0.0000197025,1.72,3.96
529.0 ,Glossitis,Diseases of the digestive system,1983,42,2.66,0.0000000422553,1.91,3.62
805.4 ,Closed fracture of lumbar vertebra...,Injury and poisoning,4193,88,2.65,0.000000000000005959602,2.12,3.28
586 ,"Renal failure, unspecified",Diseases of the genitourinary...,7238,151,2.65,1.672902e-24,2.24,3.12
786.8 ,Hiccough,"Comorbidities, signs, and ill-defined...",1804,38,2.65,0.00000020560105,1.86,3.65
333.1 ,Essential and other specified...,Diseases of the nervous system,2769,58,2.64,0.0000000001987238,1.99,3.42
276.1 ,Hyposmolality and/or hyponatremia,"Endocrine, nutritional and metabolic...",1240,26,2.63,0.0000169257,1.71,3.88
366.1 ,Senile cataract,Diseases of the nervous system,30408,598,2.63,8.460462e-86,2.41,2.86
255.0 ,Cushing's syndrome,"Endocrine, nutritional and metabolic...",1298,27,2.61,0.0000135525,1.71,3.82
571.3 ,"Alcoholic liver damage, unspecified",Diseases of the digestive system,2217,46,2.61,0.000000018191756,1.9,3.49
572.0 ,Abscess of liver,Diseases of the digestive system,1297,27,2.61,0.0000133729,1.71,3.82
250.0 ,Diabetes Mellitus w/m of complication,"Endocrine, nutritional and metabolic...",35941,693,2.6,1.794931e-96,2.4,2.82
281.9 ,Unspecified deficiency anemia,Diseases of the blood and blood-forming...,1939,40,2.59,0.00000017060569,1.84,3.54
726.1 ,"Rotator cuff syndrome of shoulder,...",Diseases of the musculoskeletal...,2144,44,2.58,0.000000075353831,1.86,3.48
300 ,Neurotic disorders,Mental disorders,16370,324,2.56,1.168931e-46,2.28,2.87
789.0 ,Abdominal pain,"Comorbidities, signs, and ill-defined...",132784,2108,2.56,2.56573e-227,2.42,2.71
357.9 ,Unspecified inflammatory and toxic...,Diseases of the nervous system,1871,38,2.55,0.00000073464461,1.8,3.52
402.0 ,"Hypertensive heart disease, malignant",Diseases of the circulatory system,1486,30,2.53,0.0000082595835,1.7,3.63
038.9 ,Unspecified septicemia,Infectious and parasitic diseases,8254,164,2.53,2.70694e-24,2.15,2.96
582 ,Chronic glomerulonephritis,Diseases of the genitourinary...,2727,55,2.53,0.0000000023359669,1.9,3.31
593.9 ,Unspecified disorder of kidney...,Diseases of the genitourinary...,3029,61,2.53,0.0000000003288462,1.93,3.27
532.00 ,"Acute duodenal ulcer with hemorrhage,...",Diseases of the digestive system,2745,55,2.52,0.0000000028367011,1.89,3.29
564.9 ,Unspecified functional disorder...,Diseases of the digestive system,70023,1225,2.51,4.04105e-147,2.35,2.68
070 ,Viral hepatitis,Infectious and parasitic diseases,2054,41,2.5,0.00000033487633,1.79,3.41
402.1 ,"Hypertensive heart disease, benign",Diseases of the circulatory system,4651,92,2.49,0.00000000000003424427,2,3.07
402.9 ,Hypertensive heart disease unspecified,Diseases of the circulatory system,22814,434,2.49,7.552395e-58,2.25,2.75
535 ,Gastritis and duodenitis,Diseases of the digestive system,19491,374,2.49,1.025047e-50,2.24,2.77
365.2 ,Primary angle-closure glaucoma,Diseases of the nervous system,1810,36,2.49,0.0000019467485,1.74,3.47
280.0 ,Iron deficiency anemia secondary...,Diseases of the blood and blood-forming...,1620,32,2.48,0.0000083837371,1.69,3.51
787.2 ,Dysphagia,"Comorbidities, signs, and ill-defined...",1874,37,2.48,0.000001561957,1.74,3.43
242.9 ,Thyrotoxicosis w/m of goiter or...,"Endocrine, nutritional and metabolic...",1261,25,2.48,0.0000937866,1.6,3.69
413.0 ,Angina decubitus,Diseases of the circulatory system,3091,60,2.44,0.0000000019596397,1.85,3.15
306.8 ,Other specified psychophysiological...,Mental disorders,3190,62,2.44,0.0000000009961683,1.87,3.14
560.1 ,Paralytic ileus,Diseases of the digestive system,3405,66,2.44,0.0000000003059067,1.88,3.11
583 ,"Nephritis and nephropathy, not...",Diseases of the genitourinary...,3189,62,2.44,0.0000000009872077,1.87,3.15
733.1 ,Pathological fracture,Diseases of the musculoskeletal...,1441,28,2.43,0.0000394661,1.61,3.54
255.4 ,Corticoadrenal insufficiency,"Endocrine, nutritional and metabolic...",1918,37,2.42,0.0000024089117,1.69,3.35
535.01 ,"Acute gastritis, with hemorrhage",Diseases of the digestive system,2645,51,2.42,0.000000042010329,1.79,3.2
575.0 ,Acute cholecystitis,Diseases of the digestive system,2395,46,2.41,0.00000023209308,1.76,3.23
576.1 ,Cholangitis,Diseases of the digestive system,2346,45,2.41,0.00000032931007,1.75,3.23
593.2 ,"Cyst of kidney, acquired",Diseases of the genitourinary...,3601,69,2.41,0.0000000002629951,1.87,3.06
599 ,Other disorders of urethra and...,Diseases of the genitourinary...,3909,75,2.41,0.00000000003634363,1.89,3.04
564.0 ,Constipation,Diseases of the digestive system,87926,1441,2.4,5.38497e-153,2.26,2.55
041.8 ,Other specified bacterial infections,Infectious and parasitic diseases,1824,35,2.4,0.0000049875106,1.67,3.36
585 ,Chronic renal failure,Diseases of the genitourinary...,23722,436,2.4,2.390246e-54,2.17,2.65
154 ,"Malignant rectum neoplasm, rectosigmoid...",Neoplasms,1251,24,2.4,0.0001712201,1.53,3.59
550 ,Inguinsl hernia,Diseases of the digestive system,2202,42,2.39,0.0000009574149,1.72,3.25
726 ,Peripheral enthesopathies and...,Diseases of the musculoskeletal...,1939,37,2.39,0.0000030028571,1.68,3.31
560.9 ,Unspecified intestinal obstruction,Diseases of the digestive system,5020,95,2.38,0.0000000000001791331,1.92,2.93
493.9 ,"Asthma, unspecified",Diseases of the respiratory system,11015,206,2.38,6.414437e-27,2.06,2.74
153 ,Malignant colon neoplasm,Neoplasms,1951,37,2.38,0.0000034116371,1.67,3.29
533.70 ,Chronic peptic ulcer of unspecified...,Diseases of the digestive system,15426,285,2.37,7.897347e-36,2.1,2.68
216 ,Benign neoplasm of skin,Neoplasms,3983,75,2.37,0.00000000007039137,1.86,2.98
564.8 ,Other specified function disorder...,Diseases of the digestive system,17382,318,2.36,3.479612e-39,2.1,2.64
491.2 ,Obstructive chronic bronchitis,Diseases of the respiratory system,8924,166,2.36,1.340998e-21,2.01,2.76
414 ,Other forms of chronic ischemic...,Diseases of the circulatory system,16500,301,2.35,5.633209e-37,2.08,2.64
435 ,Transient cerebral ischemia,Diseases of the circulatory system,1868,35,2.35,0.0000116579,1.63,3.28
371.42 ,Recurrent erosion of cornea,Diseases of the nervous system,1436,27,2.35,0.0000822587,1.54,3.44
433.1 ,Carotid artery occlusion and stenosis,Diseases of the circulatory system,1231,23,2.34,0.0003075476,1.47,3.53
995.2 ,Unspecified adverse effect od...,Injury and poisoning,1506,28,2.33,0.0000712156,1.54,3.38
726.2 ,"Other affections of shoulder region,...",Diseases of the musculoskeletal...,1668,31,2.33,0.0000295988,1.57,3.32
785.50 ,"Shock, unspecified","Comorbidities, signs, and ill-defined...",1180,22,2.33,0.0004303951,1.45,3.55
532.70 ,Chronic duodenal ulcer without...,Diseases of the digestive system,10256,187,2.32,2.253899e-23,1.99,2.69
571 ,Chronic liver disease and cirrhosis,Diseases of the digestive system,9393,171,2.31,2.809363e-21,1.97,2.69
296.20 ,"Major depressive affective disorder,...",Mental disorders,1957,36,2.3,0.0000105027,1.61,3.2
455 ,Hemorrhoids,Diseases of the circulatory system,6651,121,2.3,0.000000000000002160433,1.9,2.75
569.89 ,Other specified disorders of intestine,Diseases of the digestive system,1304,24,2.3,0.000268296,1.47,3.44
250.7 ,Diabetes with peripheral circulatory...,"Endocrine, nutritional and metabolic...",2233,41,2.3,0.0000024546111,1.64,3.13
723.8 ,Other syndromes affecting cervical...,Diseases of the musculoskeletal...,1420,26,2.29,0.0001593979,1.49,3.37
316 ,Psychic factors associated with...,Mental disorders,2029,37,2.28,0.0000089209699,1.6,3.16
558 ,Other and unspecified noninfectious...,Diseases of the digestive system,5694,103,2.28,0.0000000000003379821,1.85,2.77
366.5 ,After-cataract,Diseases of the nervous system,1813,33,2.28,0.0000301143,1.56,3.21
394.1 ,Rheumatic mitral insufficiency,Diseases of the circulatory system,1268,23,2.27,0.0004281298,1.43,3.42
726.5 ,Enthesopathy of hip region,Diseases of the musculoskeletal...,1322,24,2.27,0.0003175221,1.45,3.39
372.1 ,Chronic conjunctivitis,Diseases of the nervous system,43993,741,2.26,9.999271e-78,2.09,2.45
375.15 ,"Tear film insufficiency, unspecified",Diseases of the nervous system,15851,280,2.26,4.62935e-32,2,2.56
721.42 ,"Spondylosis with myelopathy, lumbar...",Diseases of the musculoskeletal...,11981,212,2.25,1.016779e-24,1.95,2.59
362.5 ,Degeneration of macula and posterior...,Diseases of the nervous system,3960,71,2.25,0.0000000020589376,1.75,2.85
726.9 ,Unspecified enthesopathy,Diseases of the musculoskeletal...,3902,70,2.25,0.0000000027317243,1.75,2.86
386 ,Vertiginous syndromes and other...,Diseases of the nervous system,9848,175,2.25,8.830356e-21,1.92,2.62
411 ,Other acute and subacute forms...,Diseases of the circulatory system,2181,39,2.24,0.0000104069,1.58,3.07
470 ,Deviated nasal septum,Diseases of the respiratory system,6247,111,2.24,0.0000000000001012451,1.84,2.71
277.3 ,Amyloidosis,"Endocrine, nutritional and metabolic...",1288,23,2.23,0.0005163665,1.41,3.37
710.9 ,Unspecified diffuse connective...,Diseases of the musculoskeletal...,1232,22,2.23,0.0006825105,1.39,3.4
850 ,Concussion,Injury and poisoning,2814,50,2.23,0.00000073221753,1.65,2.95
440.8 ,Atherosclerosis of other specified...,Diseases of the circulatory system,1513,27,2.23,0.0002297413,1.46,3.26
536.8 ,Dyspepsia and other specified...,Diseases of the digestive system,67814,1085,2.23,6.01714e-104,2.08,2.38
721.4 ,Thoracic or lumbar spondylosis...,Diseases of the musculoskeletal...,1966,35,2.23,0.0000237041,1.54,3.11
011.9 ,"Pulmonary TB, unspecified",Infectious and parasitic diseases,3087,55,2.23,0.00000015796428,1.68,2.92
250.9 ,Diabetes with unspecified complication,"Endocrine, nutritional and metabolic...",8000,141,2.23,9.811868e-17,1.87,2.64
428 ,Heart failure,Diseases of the circulatory system,6010,106,2.22,0.0000000000005584379,1.81,2.7
455.8 ,Unspecified hemorrhoids with other...,Diseases of the circulatory system,7279,128,2.22,0.000000000000002870105,1.84,2.65
573.9 ,Unspecified disorder of liver,Diseases of the digestive system,7241,127,2.21,0.000000000000004319692,1.84,2.64
429.9 ,"Heart disease, unspecified",Diseases of the circulatory system,13925,240,2.2,3.23502e-26,1.92,2.5
311 ,"Depressive disorder, not elsewhere...",Mental disorders,5078,89,2.2,0.00000000005439337,1.76,2.72
537.89 ,Other specified disorders of stomach...,Diseases of the digestive system,1705,30,2.2,0.0001123037,1.48,3.15
492 ,Emphysema,Diseases of the respiratory system,5607,98,2.2,0.000000000007147491,1.78,2.69
388.3 ,Tinitus,Diseases of the nervous system,8779,153,2.2,1.339573e-17,1.86,2.59
414.8 ,Other specified forms of chronic...,Diseases of the circulatory system,11342,196,2.19,7.531118e-22,1.89,2.53
555.1 ,Regional enteritis of large intestine,Diseases of the digestive system,2116,37,2.19,0.0000244182,1.53,3.03
786.0 ,Dyspnea and respiratory abnormalities,"Comorbidities, signs, and ill-defined...",5212,91,2.19,0.0000000000545464,1.76,2.7
724.4 ,Thoracic or lumbosacral neuritis...,Diseases of the musculoskeletal...,6765,117,2.18,0.0000000000001256852,1.8,2.62
729.0 ,"Rheumatism, unspecified and fibrositis",Diseases of the musculoskeletal...,5990,104,2.18,0.000000000002533252,1.78,2.66
110 ,Dermatophytosis,Infectious and parasitic diseases,3385,59,2.18,0.00000012019455,1.66,2.83
723.4 ,"Brachial neuritis or radiculitis,...",Diseases of the musculoskeletal...,4864,84,2.17,0.0000000003515103,1.72,2.7
487.0 ,Influenza with pneumonia,Diseases of the respiratory system,2709,47,2.17,0.0000024774227,1.59,2.9
250.80 ,Diabetes with other specified...,"Endocrine, nutritional and metabolic...",3995,69,2.17,0.000000013784581,1.68,2.75
413.9 ,Other and unspecified angina pectoris,Diseases of the circulatory system,40572,659,2.16,5.780651e-63,1.98,2.34
296.30 ,"Major depressive affective disorder,...",Mental disorders,1272,22,2.16,0.0013211792,1.35,3.29
300.02 ,Generalized anxiety disorder,Mental disorders,7947,136,2.16,0.000000000000003453635,1.81,2.56
332 ,Parkinson's disease,Diseases of the nervous system,2272,39,2.15,0.0000189934,1.52,2.95
592 ,Calculus of kidney and ureter,Diseases of the genitourinary...,6782,116,2.15,0.0000000000003635572,1.77,2.59
787.0 ,Nausea and vomiting,"Comorbidities, signs, and ill-defined...",22918,381,2.15,4.653066e-38,1.93,2.39
715 ,Osteoarthrosis and allied disorders,Diseases of the musculoskeletal...,16908,283,2.14,6.918321e-29,1.89,2.42
582.9 ,Chronic glomerulonephritis with...,Diseases of the genitourinary...,14387,242,2.14,4.025624e-25,1.87,2.44
477 ,Allergic rhinitis,Diseases of the respiratory system,11687,196,2.13,2.247885e-20,1.83,2.46
726.19 ,Other specified disorders of bursae...,Diseases of the musculoskeletal...,4766,81,2.13,0.0000000017340515,1.69,2.66
715.09 ,"Osteoarthrosis, generalized, multiple...",Diseases of the musculoskeletal...,5562,94,2.12,0.0000000001430048,1.71,2.61
574.20 ,Calculus of gallbladder without...,Diseases of the digestive system,12675,212,2.12,8.165628e-22,1.84,2.44
727.0 ,Synovitis and tenosynovitis,Diseases of the musculoskeletal...,9280,156,2.12,1.229773e-16,1.8,2.49
410 ,Acute myocardial infarction,Diseases of the circulatory system,1660,28,2.11,0.0004633954,1.39,3.06
720.1 ,Spinal enthesopathy,Diseases of the musculoskeletal...,2493,42,2.11,0.0000154653,1.51,2.86
530.8 ,Other specified disorders of esophagus,Diseases of the digestive system,1658,28,2.11,0.0004594789,1.4,3.06
550.9 ,"Inguinal hernia, without mention...",Diseases of the digestive system,2912,49,2.1,0.0000035121373,1.55,2.79
724.0 ,"Spinal stenosis, other than cervical",Diseases of the musculoskeletal...,2324,39,2.1,0.0000360843,1.49,2.88
693.0 ,Dermatitis due to drugs and medicines...,Diseases of the skin and subcutaneous...,4546,76,2.1,0.0000000099812777,1.65,2.63
493 ,Asthma,Diseases of the respiratory system,14641,240,2.09,1.99688e-23,1.82,2.38
373.1 ,Hordeolum and other deep inflammation...,Diseases of the nervous system,3116,52,2.09,0.0000027736772,1.55,2.75
560.39 ,Other impaction of intestine,Diseases of the digestive system,2161,36,2.08,0.0000887832,1.45,2.89
722.52 ,Degeneration of lumbar or lumbosacral...,Diseases of the musculoskeletal...,1797,30,2.08,0.000292605,1.4,2.99
924 ,Contusion of lower limb and of...,Injury and poisoning,2159,36,2.08,0.0000879717,1.45,2.9
053 ,Herpes zoster,Infectious and parasitic diseases,1922,32,2.08,0.0001810279,1.42,2.95
337.9 ,Unspecified disorder of autonomic...,Diseases of the nervous system,1204,20,2.07,0.0031049486,1.26,3.22
715.26 ,"Osteoarthrosis, localized, secondary,...",Diseases of the musculoskeletal...,4996,82,2.06,0.0000000070196733,1.63,2.56
455.0 ,Internal hemorrhoids without mention...,Diseases of the circulatory system,5372,88,2.06,0.0000000023537287,1.64,2.54
721 ,Spondylosis and allied disorders,Diseases of the musculoskeletal...,7508,123,2.06,0.000000000001315143,1.71,2.47
723.0 ,Spinal stenosis in cervical region,Diseases of the musculoskeletal...,3397,56,2.06,0.0000011953983,1.55,2.69
924.3 ,Contusion of toe,Injury and poisoning,1213,20,2.06,0.0032827628,1.25,3.19
787.3 ,"Flatulence, eructation, and gas...","Comorbidities, signs, and ill-defined...",31033,490,2.06,3.29861e-43,1.87,2.26
721.91 ,"Spondylosis of unspecified site,...",Diseases of the musculoskeletal...,1277,21,2.05,0.0025867688,1.26,3.15
788.9 ,Other symptoms involving urinary...,"Comorbidities, signs, and ill-defined...",1830,30,2.05,0.0003637894,1.37,2.93
411.89 ,Other acute and subacute forms...,Diseases of the circulatory system,5898,96,2.04,0.0000000005120499,1.65,2.5
535.40 ,"Other specified gastritis, without...",Diseases of the digestive system,18152,290,2.04,2.222143e-26,1.81,2.3
473 ,Chronic sinusitis,Diseases of the respiratory system,1649,27,2.04,0.0007832354,1.34,2.99
570 ,Acute and subacute necrosis of...,Diseases of the digestive system,1593,26,2.04,0.0010471861,1.32,3
840.4 ,Rotator cuff (capsule) sprain,Injury and poisoning,1471,24,2.03,0.0018054714,1.3,3.04
276.8 ,Hypopotassemia,"Endocrine, nutritional and metabolic...",2149,35,2.03,0.0001496719,1.41,2.84
692.3 ,Contact dermatitis and other eczema...,Diseases of the skin and subcutaneous...,4624,75,2.03,0.00000003906517,1.59,2.56
533.00 ,Acute peptic ulcer of unspecified...,Diseases of the digestive system,8113,130,2.02,0.000000000001546811,1.68,2.4
466 ,Acute bvronchitis and bronchiolitis,Diseases of the respiratory system,22093,348,2.02,1.856092e-30,1.81,2.26
569.9 ,Unspecified disorder of intestine,Diseases of the digestive system,3833,62,2.02,0.00000073385021,1.55,2.6
366.8 ,Other cataract,Diseases of the nervous system,2842,46,2.02,0.0000202302,1.48,2.71
008.5 ,"Bacterial enteritis, unspecified",Infectious and parasitic diseases,2477,40,2.02,0.0000658643,1.44,2.76
590.9 ,"Infection of kidney, unspecified",Diseases of the genitourinary...,2040,33,2.02,0.0002682254,1.38,2.85
511.0 ,Pleurisy without mention of effusion...,Diseases of the respiratory system,1608,26,2.02,0.0011394303,1.31,2.97
715.18 ,"Osteoarthrosis, localized, primary,...",Diseases of the musculoskeletal...,1551,25,2.01,0.0015110238,1.3,2.98
455.2 ,Internal hemorrhoids with other...,Diseases of the circulatory system,5360,86,2.01,0.0000000066494279,1.6,2.49
571.9 ,Unspecified chronic liver disease...,Diseases of the digestive system,13046,207,2.01,6.721438e-19,1.74,2.31
411.1 ,Intermediate coronary syndrome,Diseases of the circulatory system,4073,65,2,0.00000063887087,1.54,2.55
511.9 ,Unspecified pleural effusion,Diseases of the respiratory system,3374,54,2,0.0000045801181,1.5,2.62
692.8 ,"Contact dermatitis and other eczema,...",Diseases of the skin and subcutaneous...,2815,45,2,0.0000305172,1.45,2.68
411.0 ,Postmyocardial infarction syndrome,Diseases of the circulatory system,1754,28,1.99,0.0011202298,1.32,2.89
346.9 ,"Migraine, unspecified",Diseases of the nervous system,9376,148,1.99,0.0000000000001369288,1.68,2.35
897.0 ,Traumatic amputation of leg(s)...,Injury and poisoning,1378,22,1.99,0.0035624074,1.24,3.03
564.5 ,Functional diarrhea,Diseases of the digestive system,13407,211,1.99,7.898624e-19,1.73,2.29
588.8 ,Secondary hyperparathyroidism...,Diseases of the genitourinary...,1691,27,1.99,0.0014799015,1.31,2.91
372.4 ,Pterygium,Diseases of the nervous system,4337,69,1.99,0.00000037175393,1.54,2.53
844.8 ,Sprains and strains of other specified...,Injury and poisoning,1382,22,1.98,0.0036238147,1.24,3.02
307.42 ,Persistent disorder of initiating...,Mental disorders,4995,79,1.98,0.00000005074234,1.56,2.48
433.2 ,Occlusion and stenosis of vertebral...,Diseases of the circulatory system,1196,19,1.98,0.0056673825,1.19,3.11
440.2 ,Atherosclerosis of arteries of...,Diseases of the circulatory system,1193,19,1.98,0.0055535696,1.19,3.12
350.1 ,Trigeminal neuralgia,Diseases of the nervous system,2203,35,1.98,0.0002833861,1.38,2.77
459.89 ,Other specified disorders of circulatory...,Diseases of the circulatory system,1571,25,1.98,0.0016959544,1.28,2.94
565.1 ,Anal fistula,Diseases of the digestive system,2272,36,1.98,0.0002243442,1.38,2.75
491.8 ,Other chronic bronchitis,Diseases of the respiratory system,7375,116,1.98,0.00000000006056314,1.63,2.38
493.11 ,Intrinsic asthma with status asthmaticus,Diseases of the respiratory system,1885,30,1.98,0.0006755812,1.33,2.85
225.0 ,Benign neoplasm of brain,Neoplasms,1445,23,1.98,0.002788864,1.25,2.99
799.3 ,"Debility, unspecified","Comorbidities, signs, and ill-defined...",2208,35,1.98,0.0002887915,1.37,2.76
719.4 ,Pain in joint,Diseases of the musculoskeletal...,15033,233,1.97,7.526327e-20,1.72,2.25
558.9 ,Other and unspecified noninfectious...,Diseases of the digestive system,144544,1911,1.97,1.26694e-116,1.86,2.08
722.2 ,Displacement of intervertebral...,Diseases of the musculoskeletal...,7214,113,1.97,0.0000000001410676,1.62,2.37
476.0 ,Chronic laryngitis,Diseases of the respiratory system,2090,33,1.97,0.000506249,1.35,2.78
575.1 ,Other cholecystitis,Diseases of the digestive system,2220,35,1.97,0.0003034051,1.36,2.75
728 ,"Disorders of muscle, ligament,...",Diseases of the musculoskeletal...,8709,136,1.97,0.000000000002535205,1.64,2.33
112.9 ,Candidiasis of unspecified site,Infectious and parasitic diseases,2087,33,1.97,0.0005019027,1.35,2.78
785.6 ,Enlargement of lymph nodes,"Comorbidities, signs, and ill-defined...",1327,21,1.97,0.0049024798,1.22,3.03
784.7 ,Epistaxis,"Comorbidities, signs, and ill-defined...",9137,142,1.96,0.000000000001017554,1.64,2.31
263.9 ,Unspecified protein-calorie malnutrition,"Endocrine, nutritional and metabolic...",1276,20,1.95,0.006742243,1.19,3.03
402 ,Hypertensive heart disease,Diseases of the circulatory system,32067,482,1.95,3.729756e-37,1.77,2.14
535.00 ,"Acute gastritis, without mention...",Diseases of the digestive system,89157,1247,1.95,1.916885e-83,1.83,2.07
354.0 ,Carpal tunnel syndrome,Diseases of the nervous system,7879,122,1.95,0.0000000000479159,1.61,2.33
571.8 ,Other chronic nonalcoholic liver...,Diseases of the digestive system,7849,122,1.95,0.00000000004165365,1.62,2.34
729.1 ,"Myalgia and myositis, unspecified",Diseases of the musculoskeletal...,93401,1299,1.95,5.977047e-86,1.83,2.07
716.68 ,"Unspecified monoarthritis, other...",Diseases of the musculoskeletal...,1734,27,1.94,0.0017265053,1.27,2.84
455.6 ,Unspecified hemorrhoids without...,Diseases of the circulatory system,22765,345,1.94,2.54166e-27,1.73,2.17
721.0 ,Cervical spondylosis without myelopathy,Diseases of the musculoskeletal...,23766,360,1.94,2.095177e-28,1.74,2.16
722.1 ,Displacement of thoracic or lumbar...,Diseases of the musculoskeletal...,1988,31,1.94,0.0009356825,1.32,2.77
724.02 ,"Spinal stenosis, lumbar region,...",Diseases of the musculoskeletal...,15620,239,1.94,1.07584e-19,1.7,2.21
574.50 ,Calculus of bile duct without...,Diseases of the digestive system,2188,34,1.94,0.000448848,1.34,2.72
583.9 ,"Nephritis and nephropathy, not...",Diseases of the genitourinary...,7790,120,1.94,0.00000000009135907,1.6,2.32
738.4 ,Acquired spondylolisthesis,Diseases of the musculoskeletal...,6190,96,1.94,0.0000000053682236,1.57,2.38
854 ,Intracranial injury of other and...,Injury and poisoning,1226,19,1.93,0.0092988729,1.16,3.03
881 ,"Open wound of elbow, forearm,...",Injury and poisoning,1357,21,1.93,0.0056170174,1.19,2.96
718.40 ,"Contracture of joint, site unspecified",Diseases of the musculoskeletal...,1873,29,1.93,0.0011306078,1.29,2.78
571.41 ,Chronic persistent hepatitis,Diseases of the digestive system,6641,102,1.93,0.0000000033276625,1.57,2.35
787.9 ,Other symptoms involving digestive...,"Comorbidities, signs, and ill-defined...",7102,109,1.93,0.0000000009198461,1.58,2.33
388.70 ,"Otalgia, unspecified",Diseases of the nervous system,1223,19,1.93,0.009198712,1.16,3.04
300.09 ,Other anxiety states,Mental disorders,5418,83,1.92,0.00000010846943,1.52,2.39
307.81 ,Tension headache,Mental disorders,15310,232,1.92,1.374601e-18,1.68,2.19
716.99 ,"Arthropathy, unspecified, multiple...",Diseases of the musculoskeletal...,3192,49,1.92,0.0000396448,1.41,2.54
566 ,Abscess of anal and rectal regions,Diseases of the digestive system,2277,35,1.92,0.0005714439,1.33,2.68
756.12 ,Spondylolisthesis,Congenital anomalies,4094,63,1.92,0.0000027825224,1.47,2.47
780.52 ,"Insomnia, unspecified","Comorbidities, signs, and ill-defined...",64177,913,1.92,6.969947e-62,1.78,2.06
240.9 ,"Goiter, unspecified","Endocrine, nutritional and metabolic...",2081,32,1.92,0.0008027455,1.31,2.72
251.2 ,"Hypoglycemia, unspecified","Endocrine, nutritional and metabolic...",1562,24,1.91,0.0040498099,1.22,2.86
412 ,Old myocardial infarction,Diseases of the circulatory system,6159,94,1.91,0.00000001777121,1.54,2.35
289.3 ,"Lymphadenitis, unspecified, except...",Diseases of the blood and blood-forming...,1176,18,1.91,0.0128083794,1.12,3.03
294.9 ,Unspecified persistent mental...,Mental disorders,1567,24,1.91,0.0041183919,1.22,2.85
349.89 ,Other specified disorders of nervous...,Diseases of the nervous system,3851,59,1.91,0.0000077215847,1.45,2.48
726.0 ,Adhesive capsulitis of shoulder,Diseases of the musculoskeletal...,22044,329,1.91,4.970192e-25,1.7,2.13
009.1 ,"Colitis, enteritis, and gastroenteritis...",Infectious and parasitic diseases,8232,125,1.91,0.0000000001194423,1.58,2.28
727.9 ,"Unspecified disorder of synovium,...",Diseases of the musculoskeletal...,3070,47,1.91,0.0000667494,1.4,2.55
372.71 ,Hyperemia of conjunctiva,Diseases of the nervous system,1895,29,1.91,0.0017632513,1.27,2.75
250 ,Diabetes mellitus,"Endocrine, nutritional and metabolic...",36823,540,1.91,5.428108e-39,1.74,2.09
702.8 ,Other specified dermatoses,Diseases of the skin and subcutaneous...,3946,60,1.9,0.0000068031169,1.44,2.45
300.00 ,"Anxiety state, unspecified",Mental disorders,47033,679,1.9,3.900577e-47,1.75,2.06
357.2 ,Polyneuropathy in diabetes,Diseases of the nervous system,5863,89,1.9,0.000000046357045,1.52,2.35
726.10 ,Disorders of bursae and tendons...,Diseases of the musculoskeletal...,6261,95,1.9,0.000000016555366,1.53,2.33
574.00 ,Calculus of gallbladder with acute...,Diseases of the digestive system,2686,41,1.9,0.0002017447,1.36,2.59
601.1 ,Chronic prostatitis,Diseases of the genitourinary...,5681,86,1.9,0.000000096379369,1.51,2.35
784 ,Symptoms involving head and neck,"Comorbidities, signs, and ill-defined...",2298,35,1.9,0.0006072444,1.32,2.65
380.2 ,Other otitis externa,Diseases of the nervous system,2233,34,1.9,0.0007844951,1.31,2.66
700 ,Corns and callosities,Diseases of the skin and subcutaneous...,3895,59,1.89,0.0000090808141,1.44,2.45
307.40 ,"Nonorganic sleep disorder, unspecified",Mental disorders,4685,71,1.89,0.0000011075256,1.48,2.4
892.1 ,Open wound of foot except toe(s)...,Injury and poisoning,3762,57,1.89,0.0000143676,1.43,2.46
722.0 ,Displacement of cervical intervertebral...,Diseases of the musculoskeletal...,5154,78,1.89,0.00000044570403,1.49,2.37
597.8 ,Other urethritis,Diseases of the genitourinary...,1315,20,1.89,0.0080281694,1.15,2.94
274 ,Gout,"Endocrine, nutritional and metabolic...",19924,294,1.88,8.850271e-22,1.66,2.12
302.70 ,"Psychosexual dysfunction, unspecified",Mental disorders,1859,28,1.88,0.0024947543,1.24,2.72
357.8 ,Other inflammatory and toxic neuropathy,Diseases of the nervous system,1522,23,1.88,0.0057138823,1.19,2.84
782.3 ,Edema,"Comorbidities, signs, and ill-defined...",34072,495,1.88,9.92227e-35,1.71,2.07
702.0 ,Actinic keratosis,Diseases of the skin and subcutaneous...,2263,34,1.87,0.000863872,1.29,2.63
427.81 ,Sinoatrial node dysfunction,Diseases of the circulatory system,2065,31,1.87,0.0012807031,1.27,2.67
306 ,Physiological malfunction arising...,Mental disorders,1931,29,1.87,0.0019993849,1.25,2.7
429.2 ,"Cardiovascular disease, unspecified",Diseases of the circulatory system,3944,59,1.87,0.0000152374,1.42,2.42
709 ,Other disorders of skin and subcutaneous...,Diseases of the skin and subcutaneous...,1204,18,1.86,0.014320165,1.1,2.96
715.35 ,"Osteoarthrosis, localized, not...",Diseases of the musculoskeletal...,4906,73,1.86,0.0000018726882,1.45,2.35
440 ,Atherosclerosis,Diseases of the circulatory system,2340,35,1.86,0.0007175921,1.29,2.6
353.2 ,"Cervical root lesions, not elsewhere...",Diseases of the nervous system,7269,108,1.86,0.000000005365422,1.52,2.26
362.51 ,Nonexudative senile macular degeneration,Diseases of the nervous system,1271,19,1.86,0.0113312376,1.12,2.92
472.2 ,Chronic nasopharyngitis,Diseases of the respiratory system,8040,119,1.86,0.0000000013116424,1.53,2.23
607.84 ,Impotence of organic origin,Diseases of the genitourinary...,12808,189,1.86,0.00000000000002282734,1.6,2.16
162 ,"Malignant neoplasm, trachea, bronchus,...",Neoplasms,2341,35,1.86,0.0007208941,1.29,2.6
386.11 ,Benign paroxysmal positional vertigo,Diseases of the nervous system,6864,102,1.86,0.000000014581083,1.51,2.27
715.16 ,"Osteoarthrosis, localized, primary,...",Diseases of the musculoskeletal...,21519,313,1.85,4.157546e-22,1.65,2.08
306.2 ,Cardiovascular malfunction arising...,Mental disorders,2293,34,1.85,0.0009786926,1.27,2.59
716.96 ,"Arthropathy, unspecified, lower...",Diseases of the musculoskeletal...,6021,89,1.85,0.00000015474942,1.48,2.28
353.4 ,"Lumbosacral root lesions, not...",Diseases of the nervous system,6087,90,1.85,0.00000012452572,1.48,2.28
726.12 ,Bicipital tenosynovitis,Diseases of the musculoskeletal...,1950,29,1.85,0.0021713743,1.24,2.67
491.0 ,Simple chronic bronchitis,Diseases of the respiratory system,14644,214,1.85,9.583768e-16,1.6,2.12
528.2 ,Oral aphthae,Diseases of the digestive system,8765,129,1.85,0.000000000324389,1.54,2.2
373.0 ,Blepharitis,Diseases of the nervous system,4248,63,1.85,0.0000096231036,1.42,2.38
386.9 ,Unspecified vertiginous syndromes...,Diseases of the nervous system,20003,291,1.85,1.090097e-20,1.64,2.09
715.36 ,"Osteoarthrosis, localized, not...",Diseases of the musculoskeletal...,31340,447,1.84,1.095988e-29,1.66,2.03
721.1 ,Cervical spondylosis with myelopathy,Diseases of the musculoskeletal...,9024,132,1.84,0.0000000003741724,1.53,2.19
362.6 ,Peripheral retinal degeneration,Diseases of the nervous system,1692,25,1.84,0.0058597644,1.19,2.73
472.1 ,Chronic pharyngitis,Diseases of the respiratory system,16598,241,1.84,3.113118e-17,1.61,2.1
490 ,"Bronchitis, not specified as acute...",Diseases of the respiratory system,43507,614,1.84,1.180694e-39,1.69,2.01
372.12 ,Chronic follicular conjunctivitis,Diseases of the nervous system,2705,40,1.84,0.0005001803,1.31,2.52
729.4 ,"Fasciitis, unspecified",Diseases of the musculoskeletal...,46598,654,1.84,1.248541e-41,1.69,2
715.38 ,"Osteoarthrosis, localized, not...",Diseases of the musculoskeletal...,2924,43,1.83,0.0002639322,1.32,2.48
307.41 ,Transient disorder of initiating...,Mental disorders,4509,66,1.83,0.0000082989639,1.41,2.33
434 ,Occlusion of cerebral arteries,Diseases of the circulatory system,8585,125,1.83,0.0000000014224748,1.52,2.18
357.4 ,Polyneuropathy in other diseases...,Diseases of the nervous system,4646,68,1.83,0.0000074728781,1.42,2.33
596.5 ,Other functional disorders of...,Diseases of the genitourinary...,7058,103,1.83,0.000000033249811,1.49,2.22
680 ,Carbuncle and furuncle,Diseases of the skin and subcutaneous...,2182,32,1.83,0.001683003,1.24,2.59
680.8 ,Carbuncle and furuncle of other...,Diseases of the skin and subcutaneous...,1290,19,1.83,0.0178592202,1.1,2.88
216.4 ,Benign neoplasm of scalp and skin...,Neoplasms,1497,22,1.83,0.0085471238,1.14,2.78
692.1 ,Contact dermatitis and other eczema...,Diseases of the skin and subcutaneous...,1499,22,1.83,0.008618542,1.14,2.78
708.8 ,Other specified urticaria,Diseases of the skin and subcutaneous...,5158,75,1.82,0.0000024510183,1.42,2.29
332.1 ,Secondary parkinsonism,Diseases of the nervous system,4470,65,1.82,0.0000114744,1.4,2.32
786.3 ,Hemoptysis,"Comorbidities, signs, and ill-defined...",7514,109,1.82,0.000000019549903,1.49,2.2
388.2 ,"Sudden hearing loss, unspecified",Diseases of the nervous system,2049,30,1.82,0.0026927262,1.23,2.61
716.66 ,"Unspecified monoarthritis, lower...",Diseases of the musculoskeletal...,2826,41,1.81,0.0004733489,1.29,2.46
437.9 ,Unspecified cerebrovascular disease,Diseases of the circulatory system,17449,249,1.81,6.275417e-17,1.58,2.06
719.48 ,"Pain in joint, other specified...",Diseases of the musculoskeletal...,4060,59,1.81,0.0000310691,1.38,2.35
535.50 ,"Unspecified gastritis and gastroduodenitis,...",Diseases of the digestive system,90056,1187,1.81,1.830513e-64,1.69,1.93
573.3 ,"Hepatitis, unspecified",Diseases of the digestive system,14548,208,1.81,0.0000000000000227273,1.56,2.08
370.33 ,"Keratoconjunctivitis sicca, not...",Diseases of the nervous system,1994,29,1.81,0.0035556161,1.21,2.61
783.0 ,Anorexia,"Comorbidities, signs, and ill-defined...",2610,38,1.81,0.0008973202,1.28,2.5
272 ,Disorders of lipoid metabolism,"Endocrine, nutritional and metabolic...",13147,188,1.8,0.0000000000004804511,1.55,2.09
708 ,Urticaria,Diseases of the skin and subcutaneous...,5055,73,1.8,0.0000042229466,1.41,2.28
714.0 ,Rheumatoid arthritis,Diseases of the musculoskeletal...,12322,176,1.8,0.000000000002509192,1.54,2.09
715.10 ,"Osteoarthrosis, localized, primary,...",Diseases of the musculoskeletal...,4584,66,1.8,0.0000144232,1.39,2.3
300.89 ,Other somatoform disorders,Mental disorders,3536,51,1.8,0.0001438157,1.33,2.37
721.3 ,Lumbosacral spondylosis without...,Diseases of the musculoskeletal...,61232,829,1.8,1.448178e-47,1.67,1.94
556 ,Idiopathic proctocolitis,Diseases of the digestive system,1864,27,1.8,0.0042010251,1.18,2.63
009 ,Ill-defined intestinal infections,Infectious and parasitic diseases,2974,43,1.8,0.0004269866,1.3,2.44
380.1 ,Infective otitis externa,Diseases of the nervous system,2145,31,1.8,0.002381072,1.22,2.56
786.50 ,"Chest pain, unspecified","Comorbidities, signs, and ill-defined...",38191,531,1.8,1.267564e-32,1.64,1.97
386.12 ,Vestibular neuronitis,Diseases of the nervous system,9473,136,1.8,0.0000000006840918,1.51,2.14
362.0 ,Diabetic retinopathy,Diseases of the nervous system,4676,67,1.79,0.0000173488,1.38,2.28
569.3 ,Hemorrhage of rectum and anus,Diseases of the digestive system,3279,47,1.79,0.000266174,1.31,2.38
110.1 ,Dermatophytosis of nail,Infectious and parasitic diseases,25503,358,1.79,1.213605e-22,1.61,2
372.20 ,"Blepharoconjunctivitis, unspecified",Diseases of the nervous system,10399,148,1.79,0.0000000001701512,1.51,2.11
189.0 ,"Malignant neoplasm of kidney,...",Neoplasms,1179,17,1.79,0.0219434247,1.04,2.89
691 ,Atopic dermatitis and related...,Diseases of the skin and subcutaneous...,1876,27,1.79,0.0060799598,1.18,2.62
715.00 ,"Osteoarthrosis, generalized, site...",Diseases of the musculoskeletal...,9288,132,1.78,0.0000000020588333,1.49,2.12
536 ,Disorders of function of stomach,Diseases of the digestive system,16803,236,1.78,0.000000000000002743396,1.55,2.03
491 ,Chronic bronchitis,Diseases of the respiratory system,22176,311,1.78,9.639422e-20,1.59,2
519.9 ,Unspecified disease of respiratory...,Diseases of the respiratory system,4209,60,1.78,0.0000441051,1.35,2.3
600 ,Hyperplasia of prostate,Diseases of the genitourinary...,153994,1889,1.78,4.140877e-86,1.69,1.89
784.2 ,"Swelling, mass, or lump in head...","Comorbidities, signs, and ill-defined...",2801,40,1.78,0.0009331429,1.27,2.43
692.89 ,Contact dermatitis and other eczema...,Diseases of the skin and subcutaneous...,12254,173,1.78,0.000000000009515035,1.52,2.07
354.2 ,Lesion of ulnar nerve,Diseases of the nervous system,1543,22,1.77,0.0142499048,1.11,2.7
355.0 ,Lesion of sciatic nerve,Diseases of the nervous system,3374,48,1.77,0.000320522,1.3,2.36
465.9 ,Acute upper respiratory infections...,Diseases of the respiratory system,462825,4378,1.77,1.491818e-76,1.66,1.89
496 ,"Chronic airway obstruction, not...",Diseases of the respiratory system,67303,894,1.77,2.489236e-48,1.65,1.9
729.2 ,"Neuralgia, neuritis, and radiculitis,...",Diseases of the musculoskeletal...,55243,741,1.77,7.808002e-41,1.63,1.91
780.2 ,Syncope and collapse,"Comorbidities, signs, and ill-defined...",10884,153,1.77,0.0000000002102343,1.49,2.08
598.9 ,"Urethral stricture, unspecified",Diseases of the genitourinary...,1544,22,1.77,0.0142828486,1.11,2.7
786.51 ,Precordial pain,"Comorbidities, signs, and ill-defined...",4294,61,1.77,0.0000509057,1.35,2.28
244.9 ,Unspecified acquired hypothyroidism,"Endocrine, nutritional and metabolic...",1476,21,1.77,0.0131154834,1.09,2.72
780.59 ,Other sleep disturbances,"Comorbidities, signs, and ill-defined...",4757,67,1.76,0.0000297424,1.36,2.24
844.2 ,Sprain of cruciate ligament of...,Injury and poisoning,1424,20,1.75,0.0174876998,1.06,2.71
411.81 ,Acute coronary occlusion without...,Diseases of the circulatory system,2629,37,1.75,0.0014868233,1.23,2.42
427.31 ,Atrial fibrillation,Diseases of the circulatory system,9033,126,1.75,0.000000011553652,1.45,2.09
300.9 ,Unspecified nonpsychotic mental...,Mental disorders,31802,433,1.75,8.135244e-25,1.58,1.93
922.2 ,Contusion of abdominal wall,Injury and poisoning,1987,28,1.75,0.0054775334,1.16,2.54
724 ,Other and unspecified disorders...,Diseases of the musculoskeletal...,5933,83,1.75,0.0000038341211,1.39,2.17
366.12 ,Incipient senile cataract,Diseases of the nervous system,3128,44,1.75,0.0006093114,1.27,2.36
726.90 ,Enthesopathy of unspecified site,Diseases of the musculoskeletal...,24567,337,1.75,7.313211e-20,1.56,1.95
493.2 ,Chronic obstructive asthma with...,Diseases of the respiratory system,4139,58,1.75,0.000112751,1.32,2.27
379.91 ,Pain in or around eye,Diseases of the nervous system,1277,18,1.75,0.0265432147,1.03,2.78
714.9 ,Unspecified inflammatory polyarthropathy,Diseases of the musculoskeletal...,2724,38,1.74,0.0017185308,1.22,2.39
302.72 ,Psychosexual dysfunction with...,Mental disorders,2222,31,1.74,0.0041619605,1.18,2.47
353.1 ,Lumbosacral plexus lesions,Diseases of the nervous system,2140,30,1.74,0.0049806304,1.17,2.5
722.71 ,Intervertebral disc disorder with...,Diseases of the musculoskeletal...,1573,22,1.74,0.0154649843,1.09,2.65
724.3 ,Sciatica,Diseases of the musculoskeletal...,55156,730,1.74,2.104465e-38,1.6,1.88
726.32 ,Lateral epicondylitis,Diseases of the musculoskeletal...,4294,60,1.74,0.0000764752,1.33,2.25
786.09 ,Other respiratory abnormalities,"Comorbidities, signs, and ill-defined...",10451,145,1.74,0.0000000015647042,1.46,2.06
845.09 ,Other sprains and strains of ankle,Injury and poisoning,2658,37,1.73,0.0021673568,1.22,2.4
437.0 ,Cerebral atherosclerosis,Diseases of the circulatory system,11460,158,1.73,0.0000000004255388,1.47,2.03
465 ,Acute upper respiratory infections...,Diseases of the respiratory system,48850,648,1.73,4.249408e-34,1.59,1.88
724.8 ,Other symptoms referable to back,Diseases of the musculoskeletal...,1583,22,1.73,0.0159758984,1.08,2.63
494 ,Bronchiectasis,Diseases of the respiratory system,11789,162,1.73,0.0000000002820443,1.47,2.02
388.8 ,Other disorders of ear,Diseases of the nervous system,2018,28,1.73,0.0082523921,1.14,2.51
274.10 ,"Gouty nephropathy, unspecified","Endocrine, nutritional and metabolic...",2245,31,1.72,0.0061255351,1.16,2.45
919.8 ,Other and unspecified superficial...,Injury and poisoning,1667,23,1.72,0.0185924174,1.08,2.59
558.2 ,Toxic gastroenteritis and colitis,Diseases of the digestive system,1377,19,1.72,0.0327898314,1.03,2.69
478.0 ,Hypertrophy of nasal turbinates,Diseases of the respiratory system,3850,53,1.72,0.0002838204,1.28,2.25
386.10 ,"Peripheral vertigo, unspecified",Diseases of the nervous system,10214,140,1.72,0.0000000058101937,1.44,2.04
706.1 ,Other acne,Diseases of the skin and subcutaneous...,4654,64,1.71,0.0000730728,1.32,2.2
310.2 ,Postconcussion syndrome,Mental disorders,1886,26,1.71,0.0096266367,1.12,2.52
344.61 ,Cauda equina syndrome with neurogenic...,Diseases of the nervous system,1309,18,1.71,0.0296392345,1.01,2.71
353.9 ,Unspecified nerve root and plexus...,Diseases of the nervous system,5111,70,1.71,0.0000407137,1.33,2.17
427.2 ,"Paroxysmal tachycardia, unspecified",Diseases of the circulatory system,2412,33,1.7,0.0042169069,1.17,2.4
435.9 ,Unspecified transient cerebral...,Diseases of the circulatory system,7725,105,1.7,0.00000074547681,1.39,2.06
358.9 ,"Myoneural disorders, unspecified",Diseases of the nervous system,2418,33,1.7,0.0043049106,1.16,2.39
721.90 ,"Spondylosis of unspecified site,...",Diseases of the musculoskeletal...,18493,249,1.7,0.00000000000003727769,1.49,1.93
472 ,Chronic pharyngitis and nasopharyngitis,Diseases of the respiratory system,3445,47,1.7,0.0007808619,1.24,2.27
372.3 ,Other and unspecified conjunctivitis,Diseases of the nervous system,7205,98,1.7,0.0000016662308,1.38,2.08
733.01 ,Senile osteoporosis,Diseases of the musculoskeletal...,4622,63,1.7,0.0001002553,1.3,2.18
380.23 ,Other chronic otitis externa,Diseases of the nervous system,3595,49,1.7,0.0007065208,1.25,2.25
788.1 ,Dysuria,"Comorbidities, signs, and ill-defined...",11164,151,1.7,0.0000000037795245,1.43,2
402.01 ,Malignant hypertensive heart disease...,Diseases of the circulatory system,1252,17,1.69,0.0387012146,0.98,2.71
707.0 ,Decubitus ulcer,Diseases of the skin and subcutaneous...,2427,33,1.69,0.0059827589,1.16,2.38
720.9 ,Unspecified inflammatory spondylopathy,Diseases of the musculoskeletal...,1321,18,1.69,0.0310564874,1,2.69
365 ,Glaucoma,Diseases of the nervous system,3528,48,1.69,0.0008900104,1.25,2.25
473.0 ,Chronic maxillary sinusitis,Diseases of the respiratory system,1469,20,1.69,0.0271205346,1.03,2.63
995.3 ,"Allergy, unspecified, not elsewhere...",Injury and poisoning,8239,111,1.69,0.00000047507424,1.38,2.04
371.00 ,"Corneal opacity, unspecified",Diseases of the nervous system,1841,25,1.69,0.0129671108,1.09,2.5
528 ,"Disease of the oral soft tissues,...",Diseases of the digestive system,1394,19,1.69,0.0338604841,1.02,2.66
401 ,Essential hypertension,Diseases of the circulatory system,44327,577,1.68,2.338685e-28,1.54,1.84
274.0 ,"Gouty arthropathy, unspecified","Endocrine, nutritional and metabolic...",75493,953,1.68,8.219081e-43,1.57,1.8
706.3 ,Seborrhea,Diseases of the skin and subcutaneous...,7436,100,1.68,0.0000018279819,1.36,2.05
715.31 ,"Osteoarthrosis, localized, not...",Diseases of the musculoskeletal...,2518,34,1.68,0.0049814954,1.16,2.36
873.49 ,Open wound of other and multiple...,Injury and poisoning,1771,24,1.68,0.0160226824,1.08,2.52
882 ,Open wound of hand except finger(s)...,Injury and poisoning,1919,26,1.68,0.0143041708,1.1,2.48
921.3 ,Contusion of eyeball,Injury and poisoning,1480,20,1.68,0.028013093,1.02,2.61
367.20 ,"Astigmatism, unspecified",Diseases of the nervous system,1773,24,1.68,0.0161222398,1.07,2.51
726.71 ,Achilles bursitis or tendinitis,Diseases of the musculoskeletal...,1483,20,1.68,0.0282742143,1.02,2.6
847.1 ,Sprain of thoracic,Injury and poisoning,2233,30,1.67,0.0087024626,1.12,2.39
345 ,Epilepsy,Diseases of the nervous system,1638,22,1.67,0.0255326382,1.04,2.54
533.50 ,Chronic or unspecified peptic...,Diseases of the digestive system,2761,37,1.67,0.0038046965,1.17,2.31
353.8 ,Other nerve root and plexus disorders,Diseases of the nervous system,1417,19,1.67,0.0357829368,1,2.61
070.30 ,Viral hepatitis B without mention...,Infectious and parasitic diseases,9750,130,1.67,0.00000010121808,1.39,1.99
780.4 ,Dizziness and giddiness,"Comorbidities, signs, and ill-defined...",175662,2024,1.67,6.843629e-71,1.58,1.76
382.3 ,Unspecified chronic suppurative...,Diseases of the nervous system,4413,59,1.67,0.0002728889,1.26,2.16
706.8 ,Other specified diseases of sebaceous...,Diseases of the skin and subcutaneous...,3833,51,1.66,0.0007812098,1.23,2.19
425.4 ,Other primary cardiomyopathies,Diseases of the circulatory system,1418,19,1.66,0.0358789355,1,2.61
472.0 ,Chronic rhinitis,Diseases of the respiratory system,24684,322,1.66,3.879288e-16,1.47,1.85
366.16 ,Senile nuclear sclerosis,Diseases of the nervous system,19272,253,1.66,0.0000000000004050888,1.45,1.88
574.10 ,Calculus of gallbladder with other...,Diseases of the digestive system,3598,48,1.66,0.0010415283,1.22,2.21
727.43 ,"Ganglion, unspecified",Diseases of the musculoskeletal...,1575,21,1.66,0.0327005584,1.02,2.54
070.51 ,Acute hepatitis C without mention...,Infectious and parasitic diseases,9118,121,1.66,0.00000036023253,1.37,1.99
791.0 ,Proteinuria,"Comorbidities, signs, and ill-defined...",5791,77,1.66,0.0000458734,1.3,2.08
389.9 ,Unspecified hearing loss,Diseases of the nervous system,12747,168,1.65,0.0000000024893418,1.41,1.93
274.11 ,Uric acid nephrolithiasis,"Endocrine, nutritional and metabolic...",1204,16,1.65,0.0520491576,0.94,2.69
707.9 ,Chronic ulcer of unspecified site,Diseases of the skin and subcutaneous...,2341,31,1.65,0.0103327707,1.11,2.35
432.9 ,Unspecified intracranial hemorrhage,Diseases of the circulatory system,1580,21,1.65,0.0330071281,1.02,2.54
923 ,Contusion of upper limb,Injury and poisoning,1277,17,1.65,0.0575011246,0.96,2.66
491.9 ,Unspecified chronic bronchitis,Diseases of the respiratory system,63687,800,1.65,1.028884e-34,1.53,1.78
729 ,Other disorders of soft tissues,Diseases of the musculoskeletal...,1427,19,1.65,0.0367896622,0.99,2.6
607.1 ,Balanoposthitis,Diseases of the genitourinary...,3774,50,1.65,0.0009819337,1.22,2.18
414.0 ,Coronary atherosclerosis,Diseases of the circulatory system,48257,610,1.64,8.468826e-27,1.5,1.78
427.9 ,"Cardiac dysrhythmia, unspecified",Diseases of the circulatory system,41944,535,1.64,2.715565e-24,1.5,1.8
306.9 ,Unspecified psychophysiological...,Mental disorders,14104,184,1.64,0.0000000010171966,1.41,1.9
458.9 ,"Hypotension, unspecified",Diseases of the circulatory system,2040,27,1.64,0.0176213671,1.08,2.4
473.9 ,Unspecified sinusitis (chronic),Diseases of the respiratory system,13042,170,1.64,0.0000000049004677,1.39,1.91
366 ,Cataract,Diseases of the nervous system,17557,228,1.64,0.00000000001307082,1.43,1.87
367.4 ,Presbyopia,Diseases of the nervous system,13817,180,1.64,0.0000000017072895,1.4,1.9
370.21 ,Punctate keratitis,Diseases of the nervous system,11882,155,1.64,0.000000021044057,1.38,1.92
780.7 ,Malaise and fatigue,"Comorbidities, signs, and ill-defined...",48580,614,1.64,5.158626e-27,1.5,1.78
780.9 ,Other general symptoms,"Comorbidities, signs, and ill-defined...",9150,120,1.64,0.0000007046761,1.36,1.97
682.0 ,Cellulitis and abscess of face,Diseases of the skin and subcutaneous...,3185,42,1.64,0.0027755493,1.18,2.23
396.3 ,Mitral valve insufficiency and...,Diseases of the circulatory system,1368,18,1.63,0.0474397648,0.96,2.6
276.5 ,Volume depletion,"Endocrine, nutritional and metabolic...",3812,50,1.63,0.0014015545,1.21,2.16
278.0 ,Obesity,"Endocrine, nutritional and metabolic...",1605,21,1.63,0.0348762411,1,2.5
414.9 ,"Chronic ischemic heart disease,...",Diseases of the circulatory system,79820,980,1.63,1.884254e-39,1.52,1.75
428.0 ,"Congestive heart failure, unspecified",Diseases of the circulatory system,23396,301,1.63,0.00000000000002096746,1.44,1.83
715.89 ,"Osteoarthrosis involving, or with...",Diseases of the musculoskeletal...,1217,16,1.63,0.0544395538,0.93,2.66
715.98 ,"Osteoarthrosis, unspecified whether...",Diseases of the musculoskeletal...,4202,55,1.63,0.0007223235,1.22,2.13
719.90 ,"Unspecified disorder of joint,...",Diseases of the musculoskeletal...,2591,34,1.63,0.0078937268,1.13,2.29
726.8 ,Other peripheral enthesopathies,Diseases of the musculoskeletal...,1602,21,1.63,0.0346222709,1,2.5
727 ,"Other disorders of synovium tendon,...",Diseases of the musculoskeletal...,4737,62,1.63,0.0004306256,1.25,2.1
784.0 ,Headache,"Comorbidities, signs, and ill-defined...",132170,1554,1.63,1.427699e-55,1.54,1.73
785.1 ,Palpitations,"Comorbidities, signs, and ill-defined...",26228,337,1.63,6.335315e-16,1.46,1.82
401.1 ,Benign essential hypertension,Diseases of the circulatory system,55327,689,1.62,1.182055e-28,1.49,1.76
540.9 ,Acute appendicitis without mention...,Diseases of the digestive system,1843,24,1.62,0.0257708982,1.03,2.42
492.8 ,Other emphysema,Diseases of the respiratory system,9627,125,1.62,0.00000073685234,1.35,1.94
728.85 ,Spasm of muscle,Diseases of the musculoskeletal...,4931,64,1.62,0.0004143205,1.24,2.07
372.11 ,Simple chronic conjunctivitis,Diseases of the nervous system,26819,342,1.62,9.788959e-16,1.45,1.81
690 ,Erythematosquamous dermatosis,Diseases of the skin and subcutaneous...,15732,203,1.62,0.0000000003287122,1.4,1.87
713.5 ,Arthropathy associated with neurological...,Diseases of the musculoskeletal...,1622,21,1.61,0.036469093,0.99,2.47
715.30 ,"Osteoarthrosis, localized, not...",Diseases of the musculoskeletal...,4415,57,1.61,0.0009451561,1.21,2.09
883 ,Open wound of finger(s),Injury and poisoning,2475,32,1.61,0.0127014755,1.1,2.28
436 ,"Acute, but ill-defined, cerebrovascular...",Diseases of the circulatory system,22074,281,1.61,0.00000000000056547,1.42,1.82
462 ,Acute pharyngitis,Diseases of the respiratory system,108960,1295,1.61,7.583623e-47,1.52,1.72
362.10 ,"Background retinopathy, unspecified",Diseases of the nervous system,3482,45,1.61,0.0030939314,1.17,2.16
009.2 ,Infectious diarrhea,Infectious and parasitic diseases,11109,143,1.61,0.00000015170356,1.35,1.91
588.9 ,Unspecified disorder resulting...,Diseases of the genitourinary...,6125,79,1.61,0.000100667,1.27,2.01
780.6 ,Fever,"Comorbidities, signs, and ill-defined...",45093,564,1.61,9.606694e-24,1.47,1.76
702.1 ,Seborrheic keratosis,Diseases of the skin and subcutaneous...,5293,68,1.6,0.0003676142,1.24,2.04
709.0 ,Dyschromia,Diseases of the skin and subcutaneous...,2405,31,1.6,0.0158158948,1.08,2.28
349.9 ,Unspecified disorders of nervous...,Diseases of the nervous system,15128,193,1.6,0.000000002111285,1.38,1.85
365.20 ,"Primary angle-closure glaucoma,...",Diseases of the nervous system,2249,29,1.6,0.0175064909,1.07,2.31
486 ,"Pneumonia, organism unspecified",Diseases of the respiratory system,30961,389,1.6,7.476353e-17,1.44,1.77
727.3 ,Other bursitis,Diseases of the musculoskeletal...,1316,17,1.6,0.0621897387,0.93,2.58
592.0 ,Calculus of kidney,Diseases of the genitourinary...,27010,340,1.6,0.000000000000006638937,1.43,1.78
595 ,Cystitis,Diseases of the genitourinary...,5619,72,1.6,0.0002324575,1.25,2.02
608.9 ,Unspecified disorder of male genital...,Diseases of the genitourinary...,2331,30,1.6,0.0145928586,1.08,2.29
682.1 ,Cellulitis and abscess of neck,Diseases of the skin and subcutaneous...,1244,16,1.6,0.0779377435,0.91,2.61
402.00 ,Malignant hypertensive heart disease...,Diseases of the circulatory system,6586,84,1.59,0.0000773531,1.26,1.98
715.96 ,"Osteoarthrosis, unspecified whether...",Diseases of the musculoskeletal...,15408,195,1.59,0.0000000029988909,1.37,1.84
881.01 ,"Open wound of elbow, without mention...",Injury and poisoning,1871,24,1.59,0.0277639199,1.02,2.38
364.3 ,Unspecified iridocyclitis,Diseases of the nervous system,1327,17,1.59,0.0639377735,0.92,2.56
729.81 ,Swelling of limb,Diseases of the musculoskeletal...,1799,23,1.59,0.0339801667,1,2.39
374.05 ,Trichiasis of eyelid without entropion,Diseases of the nervous system,22757,286,1.59,0.000000000001245915,1.4,1.79
680.0 ,Carbuncle and furuncle of face,Diseases of the skin and subcutaneous...,2807,36,1.59,0.008083529,1.11,2.22
380.22 ,Other acute otitis externa,Diseases of the nervous system,9029,115,1.59,0.0000047885096,1.31,1.92
708.0 ,Allergic urticaria,Diseases of the skin and subcutaneous...,20852,261,1.58,0.00000000002114517,1.39,1.79
444.22 ,Arterial embolism and thrombosis...,Diseases of the circulatory system,1332,17,1.58,0.0647938679,0.92,2.55
922 ,Contusion of trunk,Injury and poisoning,2041,26,1.58,0.0252945572,1.03,2.33
722.10 ,Displacement of lumbar intervertebral...,Diseases of the musculoskeletal...,12712,160,1.58,0.00000013802496,1.34,1.85
924.01 ,Contusion of hip,Injury and poisoning,2124,27,1.58,0.0277136382,1.04,2.31
491.21 ,Obstructive chronic bronchitis...,Diseases of the respiratory system,13296,168,1.58,0.000000050939623,1.35,1.85
727.05 ,Other tenosynovitis of hand and...,Diseases of the musculoskeletal...,2042,26,1.58,0.0253575839,1.03,2.33
154.0 ,Malignant neoplasm of rectosigmoid...,Neoplasms,1179,15,1.58,0.0995844247,0.88,2.62
375.56 ,"Stenosis of nasolacrimal duct,...",Diseases of the nervous system,3374,43,1.58,0.0049442803,1.14,2.14
605 ,Redundant prepuce and phimosis,Diseases of the genitourinary...,1178,15,1.58,0.0994369852,0.88,2.62
239.9 ,"Neoplasm of unspecified nature,...",Neoplasms,1180,15,1.58,0.0997341217,0.88,2.62
692.5 ,Contact dermatitis and other eczema...,Diseases of the skin and subcutaneous...,2509,32,1.58,0.0136026251,1.08,2.25
477.9 ,"Allergic rhinitis, cause unspecified",Diseases of the respiratory system,68504,824,1.57,6.391818e-30,1.46,1.7
370 ,Keratitis,Diseases of the nervous system,1897,24,1.57,0.0383756724,1,2.35
110.3 ,Dermatophytosis of groin and perianal...,Infectious and parasitic diseases,19582,244,1.57,0.0000000001391114,1.37,1.79
601.0 ,Acute prostatitis,Diseases of the genitourinary...,3079,39,1.57,0.0083364725,1.12,2.16
386.2 ,Vertigo of central origin,Diseases of the nervous system,9169,115,1.57,0.0000098840223,1.29,1.89
402.11 ,Benign hypertensive heart disease...,Diseases of the circulatory system,5755,72,1.56,0.0004852647,1.22,1.97
424.90 ,"Endocarditis, valve unspecified,...",Diseases of the circulatory system,1588,20,1.56,0.0657600776,0.95,2.43
427.0 ,Paroxysmal supraventricular tachycardia,Diseases of the circulatory system,3591,45,1.56,0.0049492101,1.13,2.09
437.1 ,Other generalized ischemic cerebrovascular...,Diseases of the circulatory system,1509,19,1.56,0.0599419777,0.94,2.45
351.0 ,Bell's palsy,Diseases of the nervous system,3266,41,1.56,0.0078374154,1.12,2.12
719.80 ,"Other specified disorders of joint,...",Diseases of the musculoskeletal...,1273,16,1.56,0.0829652164,0.89,2.55
355.8 ,"Mononeuritis of lower limb, unspecified",Diseases of the nervous system,1275,16,1.56,0.0833691858,0.89,2.54
555.2 ,Regional enteritis of small intestine...,Diseases of the digestive system,2229,28,1.56,0.0240165599,1.03,2.26
365.11 ,Primary open angle glaucoma,Diseases of the nervous system,3022,38,1.56,0.0104573674,1.1,2.15
475 ,Peritonsillar abscess,Diseases of the respiratory system,3343,42,1.56,0.006498218,1.12,2.12
729.82 ,Cramp of limb,Diseases of the musculoskeletal...,2552,32,1.56,0.0192455916,1.06,2.21
555.0 ,Regional enteritis of small intestine,Diseases of the digestive system,1679,21,1.55,0.0543903248,0.96,2.38
464 ,Acute laryngitis and tracheitis,Diseases of the respiratory system,18785,232,1.55,0.0000000008671739,1.36,1.77
722 ,Intervertebral disc disorders,Diseases of the musculoskeletal...,2717,34,1.55,0.0174900323,1.07,2.18
365.00 ,"Preglaucoma, unspecified",Diseases of the nervous system,2160,27,1.55,0.0294866466,1.02,2.27
724.00 ,"Spinal stenosis, unspecified region",Diseases of the musculoskeletal...,4749,59,1.55,0.0019102112,1.17,2
009.3 ,Diarrhea of presumed infectious...,Infectious and parasitic diseases,4981,62,1.55,0.0014194674,1.18,1.99
729.5 ,Pain in limb,Diseases of the musculoskeletal...,12697,157,1.55,0.00000041419359,1.31,1.82
239.8 ,"Neoplasms of unspecified nature,...",Neoplasms,1358,17,1.55,0.0919073241,0.9,2.5
388.31 ,Subjective tinnitus,Diseases of the nervous system,1925,24,1.55,0.0403999606,0.99,2.31
388.4 ,Other abnormal auditory perception,Diseases of the nervous system,1197,15,1.55,0.1026220579,0.87,2.58
274.9 ,"Gout, unspecified","Endocrine, nutritional and metabolic...",85428,994,1.54,1.998204e-31,1.43,1.65
893.1 ,"Open wound of toe(s), complicated",Injury and poisoning,1534,19,1.54,0.0840274427,0.92,2.41
443 ,Other peripheral vascular disease,Diseases of the circulatory system,1210,15,1.54,0.1052628991,0.86,2.55
362.36 ,Venous tributary (branch) occlusion,Diseases of the nervous system,1451,18,1.54,0.0763773772,0.91,2.44
728.8 ,"Other disorders of muscle, ligament...",Diseases of the musculoskeletal...,2100,26,1.54,0.036940453,1,2.26
097.9 ,"Syphilis, unspecified",Infectious and parasitic diseases,1367,17,1.54,0.0930328532,0.9,2.48
780.50 ,"Sleep disturbance, unspecified","Comorbidities, signs, and ill-defined...",21234,260,1.54,0.0000000001572918,1.36,1.75
380.4 ,Impacted cerumen,Diseases of the nervous system,23829,290,1.54,0.00000000002429695,1.36,1.73
691.8 ,Other atopic dermatitis and related...,Diseases of the skin and subcutaneous...,19813,242,1.54,0.0000000008674583,1.34,1.75
692 ,Contact dermatitis and other eczema,Diseases of the skin and subcutaneous...,17790,218,1.54,0.0000000056110296,1.34,1.76
272.0 ,Pure hypercholesterolemia,"Endocrine, nutritional and metabolic...",21606,263,1.53,0.0000000002219864,1.35,1.74
698.8 ,Other specified pruritic conditions,Diseases of the skin and subcutaneous...,8134,100,1.53,0.0000823803,1.24,1.87
437.8 ,Other ill-defined cerebrovascular...,Diseases of the circulatory system,2681,33,1.53,0.0224536052,1.05,2.15
922.8 ,Contusion of multiple sites of...,Injury and poisoning,1779,22,1.53,0.0613530455,0.96,2.33
362.50 ,"Macular degeneration (senile),...",Diseases of the nervous system,8648,106,1.53,0.0000489578,1.25,1.86
366.10 ,"Senile cataract, unspecified",Diseases of the nervous system,94381,1087,1.53,5.645017e-33,1.43,1.63
726.11 ,Calcifying tendinitis of shoulder,Diseases of the musculoskeletal...,1463,18,1.53,0.0784172803,0.9,2.42
054.9 ,Herpes simplex without mention...,Infectious and parasitic diseases,6359,78,1.53,0.0005398208,1.2,1.91
601 ,Inflammatory diseases of prostate,Diseases of the genitourinary...,1379,17,1.53,0.0947709695,0.89,2.46
782.1 ,Rash and other nonspecific skin...,"Comorbidities, signs, and ill-defined...",6101,75,1.53,0.0005503619,1.2,1.92
681.00 ,"Cellulitis and abscess of finger,...",Diseases of the skin and subcutaneous...,1947,24,1.53,0.0424451057,0.98,2.29
787.7 ,Abnormal feces,"Comorbidities, signs, and ill-defined...",3326,41,1.53,0.0111803905,1.1,2.09
693.9 ,Dermatitis due to unspecified...,Diseases of the skin and subcutaneous...,6361,78,1.53,0.0005408987,1.2,1.91
428.9 ,"Heart failure, unspecified",Diseases of the circulatory system,13104,159,1.52,0.0000010403002,1.29,1.78
306.4 ,Gastrointestinal malfunction arising...,Mental disorders,1633,20,1.52,0.0704966501,0.92,2.36
434.0 ,Cerebral thrombosis,Diseases of the circulatory system,13123,159,1.52,0.0000013209565,1.29,1.78
465.0 ,Acute laryngopharyngitis,Diseases of the respiratory system,92128,1057,1.52,2.380379e-31,1.42,1.62
365.23 ,Chronic angle-closure glaucoma,Diseases of the nervous system,4413,54,1.52,0.0039847314,1.14,1.99
366.00 ,"Nonsenile cataract, unspecified",Diseases of the nervous system,1551,19,1.52,0.0857531194,0.91,2.38
366.19 ,Other and combined forms of senile...,Diseases of the nervous system,16605,201,1.52,0.000000049640154,1.31,1.75
727.03 ,Trigger finger (acquired),Diseases of the musculoskeletal...,4649,57,1.52,0.0029714812,1.15,1.98
110.4 ,Dermatophytosis of foot,Infectious and parasitic diseases,41883,497,1.52,8.479002e-17,1.38,1.66
704.8 ,Other specified diseases of hair...,Diseases of the skin and subcutaneous...,8863,107,1.51,0.0000785077,1.23,1.83
274.89 ,Gout with other specified manifestations,"Endocrine, nutritional and metabolic...",3365,41,1.51,0.0118286956,1.08,2.06
424.0 ,Mitral valve disorders,Diseases of the circulatory system,9194,111,1.51,0.0000637155,1.24,1.82
367.0 ,Hypermetropia,Diseases of the nervous system,4450,54,1.51,0.004224259,1.13,1.97
370.9 ,Unspecified keratitis,Diseases of the nervous system,2953,36,1.51,0.0175438583,1.06,2.1
733.00 ,"Osteoporosis, unspecified",Diseases of the musculoskeletal...,16592,200,1.51,0.000000079836533,1.31,1.74
599.0 ,"Urinary tract infection, site...",Diseases of the genitourinary...,63486,740,1.51,3.940317e-23,1.4,1.63
246.9 ,Unspecified disorder of thyroid,"Endocrine, nutritional and metabolic...",2135,26,1.51,0.0512446672,0.98,2.22
692.9 ,"Contact dermatitis and other eczema,...",Diseases of the skin and subcutaneous...,154614,1691,1.51,3.982941e-42,1.42,1.6
401.9 ,Unspecified essential hypertension,Diseases of the circulatory system,240282,2485,1.5,4.464068e-50,1.42,1.58
881.00 ,"Open wound of forearm, without...",Injury and poisoning,6046,73,1.5,0.0011304268,1.17,1.9
719.00 ,"Effusion of joint, site unspecified",Diseases of the musculoskeletal...,1737,21,1.5,0.0788787926,0.93,2.3
356.9 ,Unspecified hereditary and idiopathic...,Diseases of the nervous system,11544,139,1.5,0.0000079692937,1.26,1.78
365.9 ,Unspecified glaucoma,Diseases of the nervous system,11844,142,1.5,0.0000081090012,1.26,1.77
573.8 ,Other specified disorders of liver,Diseases of the digestive system,3144,38,1.5,0.016431667,1.06,2.07
726.60 ,"Enthesopathy of knee, unspecified",Diseases of the musculoskeletal...,1897,23,1.5,0.0542563785,0.95,2.27
112.0 ,Candidiasis of mouth,Infectious and parasitic diseases,1319,16,1.5,0.1202658815,0.86,2.45
380.15 ,Chronic mycotic otitis externa,Diseases of the nervous system,11231,135,1.5,0.0000125265,1.25,1.78
696.1 ,Other psoriasis,Diseases of the skin and subcutaneous...,5675,68,1.49,0.0021952736,1.15,1.9
698.9 ,Unspecified pruritic disorder,Diseases of the skin and subcutaneous...,32581,383,1.49,0.000000000001420051,1.34,1.65
715.17 ,"Osteoarthrosis, localized, primary,...",Diseases of the musculoskeletal...,1498,18,1.49,0.1090851349,0.88,2.37
891 ,"Open wound of knee, leg (except...",Injury and poisoning,3839,46,1.49,0.0110699775,1.09,1.99
466.0 ,Acute bronchitis,Diseases of the respiratory system,251240,2575,1.49,1.46637e-49,1.42,1.58
482.9 ,"Bacterial pneumonia, unspecified",Diseases of the respiratory system,4326,52,1.49,0.0062654773,1.11,1.97
485 ,"Bronchopneumonia, organism unspecified",Diseases of the respiratory system,5851,70,1.49,0.0020035351,1.16,1.89
053.9 ,Herpes zoster without mention...,Infectious and parasitic diseases,17098,203,1.49,0.00000015911274,1.29,1.71
078.1 ,Viral warts,Infectious and parasitic diseases,18703,222,1.49,0.00000004364168,1.3,1.71
379.21 ,Vitreous degeneration,Diseases of the nervous system,4171,50,1.49,0.0071450068,1.1,1.97
786.1 ,Stridor,"Comorbidities, signs, and ill-defined...",3659,44,1.49,0.0121020655,1.08,2.01
843.9 ,Sprains and strains of unspecified...,Injury and poisoning,4202,50,1.48,0.0092767867,1.09,1.96
848 ,Other and ill-defined sprains...,Injury and poisoning,2012,24,1.48,0.0609206547,0.95,2.21
715.15 ,"Osteoarthrosis, localized, primary,...",Diseases of the musculoskeletal...,2776,33,1.48,0.0329795317,1.01,2.08
719.46 ,"Pain in joint, lower leg",Diseases of the musculoskeletal...,14037,166,1.48,0.000002920175,1.26,1.73
463 ,Acute tonsillitis,Diseases of the respiratory system,111398,1238,1.48,1.095038e-31,1.39,1.58
723.9 ,Unspecified musculoskeletal disorders...,Diseases of the musculoskeletal...,2100,25,1.48,0.0654461997,0.95,2.19
724.2 ,Lumbago,Diseases of the musculoskeletal...,142678,1555,1.48,3.753716e-37,1.4,1.57
571.40 ,"Chronic hepatitis, unspecified",Diseases of the digestive system,78578,891,1.48,1.650041e-24,1.38,1.59
478.1 ,Other diseases of nasal cavity...,Diseases of the respiratory system,11326,134,1.48,0.0000279352,1.23,1.76
478.5 ,Other diseases of vocal cords,Diseases of the respiratory system,11778,140,1.48,0.0000127325,1.25,1.76
372.54 ,Conjunctival concretions,Diseases of the nervous system,11381,135,1.48,0.0000230815,1.24,1.76
681.11 ,Onychia and paronychia of toe,Diseases of the skin and subcutaneous...,2606,31,1.48,0.036787863,1,2.1
430 ,Subarachnoid hemorrhage,Diseases of the circulatory system,1766,21,1.47,0.0824474539,0.91,2.26
053.19 ,Herpes zoster with other nervous...,Infectious and parasitic diseases,2190,26,1.47,0.0551968346,0.96,2.17
493.20 ,"Chronic obstructive asthma, unspecified",Diseases of the respiratory system,9771,115,1.47,0.0001326544,1.21,1.77
528.0 ,Stomatitis,Diseases of the digestive system,13899,163,1.47,0.0000053199194,1.25,1.72
381.81 ,Dysfunction of Eustachian tube,Diseases of the nervous system,5585,66,1.47,0.0033378284,1.13,1.88
706.2 ,Sebaceous cyst,Diseases of the skin and subcutaneous...,3924,46,1.46,0.0154926822,1.06,1.95
715.11 ,"Osteoarthrosis, localized, primary,...",Diseases of the musculoskeletal...,2290,27,1.46,0.0600740259,0.96,2.14
716.50 ,Unspecified polyarthropathy or...,Diseases of the musculoskeletal...,2543,30,1.46,0.0450403592,0.98,2.1
455.3 ,External hemorrhoids without mention...,Diseases of the circulatory system,1952,23,1.46,0.0755249796,0.92,2.2
913.0 ,"Abrasion or friction burn of elbow,...",Injury and poisoning,5968,70,1.46,0.0028583519,1.13,1.85
478.9 ,Other and unspecified diseases...,Diseases of the respiratory system,7353,86,1.46,0.0010406281,1.16,1.8
367 ,"Infantile, juvenile, and presenile...",Diseases of the nervous system,1357,16,1.46,0.1282543634,0.83,2.38
727.09 ,Other synovitis and tenosynovitis,Diseases of the musculoskeletal...,3925,46,1.46,0.0155130345,1.06,1.95
590.10 ,Acute pyelonephritis without lesion...,Diseases of the genitourinary...,3399,40,1.46,0.0210531809,1.04,2
372.14 ,Other chronic allergic conjunctivitis,Diseases of the nervous system,29562,342,1.46,0.000000000139155,1.3,1.63
110.9 ,Dermatophytosis of unspecified...,Infectious and parasitic diseases,18537,216,1.46,0.00000024352482,1.27,1.68
117.9 ,Other and unspecified mycoses,Infectious and parasitic diseases,2796,33,1.46,0.0340359402,1.01,2.06
162.9 ,Malignant neoplasm of bronchus...,Neoplasms,7688,90,1.46,0.0008412696,1.17,1.8
216.8 ,Benign neoplasm of other specified...,Neoplasms,1960,23,1.46,0.0765818207,0.92,2.19
786.59 ,Other chest pain,"Comorbidities, signs, and ill-defined...",14256,167,1.46,0.0000044097836,1.25,1.71
398.90 ,"Rheumatic heart disease, unspecified",Diseases of the circulatory system,1196,14,1.45,0.1916999173,0.79,2.45
854.09 ,Intracranial injury of other and...,Injury and poisoning,1791,21,1.45,0.1104264311,0.9,2.23
879.6 ,Open wound of other and unspecified...,Injury and poisoning,2058,24,1.45,0.0827242778,0.92,2.16
879.8 ,Open wound(s) (multiple) of unspecified...,Injury and poisoning,10390,121,1.45,0.0001348914,1.2,1.74
346.1 ,Common migraine,Diseases of the nervous system,2307,27,1.45,0.0614442024,0.95,2.12
362.60 ,"Peripheral retinal degeneration,...",Diseases of the nervous system,3691,43,1.45,0.0208871294,1.04,1.95
723.2 ,Cervicocranial syndrome,Diseases of the musculoskeletal...,1883,22,1.45,0.0922449642,0.9,2.2
070.9 ,Unspecified viral hepatitis without...,Infectious and parasitic diseases,6436,75,1.45,0.0025689355,1.14,1.82
372.72 ,Conjunctival hemorrhage,Diseases of the nervous system,24094,277,1.45,0.000000016206503,1.28,1.63
437 ,Other and ill-defined cerebrovascular...,Diseases of the circulatory system,5174,60,1.44,0.0078719731,1.1,1.86
892 ,Open wound of foot except toe(s)...,Injury and poisoning,2591,30,1.44,0.0604234722,0.97,2.06
461.9 ,"Acute sinusitis, unspecified",Diseases of the respiratory system,76947,852,1.44,1.385087e-20,1.33,1.55
923.21 ,Contusion of wrist,Injury and poisoning,1380,16,1.44,0.1719963517,0.82,2.34
009.0 ,"Infectious colitis, enteritis,...",Infectious and parasitic diseases,23240,267,1.44,0.000000033167081,1.27,1.63
372.0 ,Acute conjunctivitis,Diseases of the nervous system,9268,107,1.44,0.0004456808,1.18,1.74
372.53 ,Conjunctival xerosis,Diseases of the nervous system,2064,24,1.44,0.0833607451,0.92,2.15
137 ,Late effects of TB,Infectious and parasitic diseases,5955,69,1.44,0.0044784294,1.12,1.83
374.0 ,Entropion and trichiasis of eyelid,Diseases of the nervous system,3365,39,1.44,0.0330227039,1.02,1.97
185 ,Malignant neoplasm of prostate,Neoplasms,6196,72,1.44,0.0033928608,1.13,1.83
839.8 ,"Closed dislocation, multiple and...",Injury and poisoning,1907,22,1.43,0.0957052146,0.89,2.17
848.9 ,Unspecified site of sprain and...,Injury and poisoning,60948,679,1.43,6.98044e-17,1.32,1.55
880.03 ,"Open wound of upper arm, without...",Injury and poisoning,1559,18,1.43,0.1536984419,0.85,2.27
370.20 ,"Superficial keratitis, unspecified",Diseases of the nervous system,4436,51,1.43,0.0146432446,1.06,1.88
493.0 ,Extrinsic asthma,Diseases of the respiratory system,1210,14,1.43,0.1945009359,0.78,2.42
110.2 ,Dermatophytosis of hand,Infectious and parasitic diseases,2770,32,1.43,0.0545241665,0.98,2.03
788.3 ,Incontinence of urine,"Comorbidities, signs, and ill-defined...",7757,89,1.43,0.0017392736,1.14,1.76
790.6 ,Other abnormal blood chemistry,"Comorbidities, signs, and ill-defined...",13112,150,1.43,0.0000430687,1.2,1.68
276.9 ,Electrolyte and fluid disorders...,"Endocrine, nutritional and metabolic...",2451,28,1.42,0.0703596621,0.94,2.06
332.0 ,Paralysis agitans,Diseases of the nervous system,7196,82,1.42,0.0028546872,1.12,1.76
435.1 ,Vertebral artery syndrome,Diseases of the circulatory system,3666,42,1.42,0.0327849522,1.02,1.93
447.6 ,"Arteritis, unspecified",Diseases of the circulatory system,4804,55,1.42,0.0121744966,1.07,1.86
565.0 ,Anal fissure,Diseases of the digestive system,2272,26,1.42,0.0782364534,0.92,2.09
571.49 ,Other chronic hepatitis,Diseases of the digestive system,8874,101,1.42,0.0010104774,1.15,1.73
370.49 ,Other keratoconjunctivitis,Diseases of the nervous system,3839,44,1.42,0.0238144215,1.03,1.92
500 ,Coal workers' pneumoconiosis,Diseases of the respiratory system,4373,50,1.42,0.0175391644,1.05,1.88
505 ,"Pneumoconiosis, unspecified",Diseases of the respiratory system,7632,87,1.42,0.0020137095,1.13,1.75
111.0 ,Pityriasis versicolor,Infectious and parasitic diseases,5242,60,1.42,0.010400576,1.08,1.84
111.9 ,"Dermatomycosis, unspecified",Infectious and parasitic diseases,4020,46,1.42,0.0215907448,1.04,1.9
597 ,"Urethritis, not sexually transmitted,...",Diseases of the genitourinary...,1400,16,1.42,0.1755994684,0.81,2.31
379.24 ,Other vitreous opacities,Diseases of the nervous system,13042,148,1.42,0.0000764673,1.19,1.67
794.8 ,Nonspecific abnormal results of...,"Comorbidities, signs, and ill-defined...",10729,122,1.42,0.0003272848,1.17,1.7
698 ,Pruritus and related conditions,Diseases of the skin and subcutaneous...,4665,53,1.41,0.0171035389,1.05,1.85
873.4 ,"Facial laceration, without mention...",Injury and poisoning,4841,55,1.41,0.0154259291,1.06,1.84
883.1 ,"Open wound of finger(s), complicated",Injury and poisoning,3072,35,1.41,0.0540371554,0.98,1.97
717.9 ,Unspecified internal derangement...,Diseases of the musculoskeletal...,1933,22,1.41,0.1246562556,0.88,2.14
719.45 ,"Pain in joint, pelvic region and...",Diseases of the musculoskeletal...,3084,35,1.41,0.0545647904,0.98,1.96
372.10 ,"Chronic conjunctivitis, unspecified",Diseases of the nervous system,124811,1325,1.41,4.710244e-26,1.32,1.5
733.42 ,Aseptic necrosis of head and neck...,Diseases of the musculoskeletal...,2027,23,1.41,0.1056987387,0.89,2.12
528.9 ,Other and unspecified diseases...,Diseases of the digestive system,21451,242,1.41,0.00000056542457,1.24,1.61
374.00 ,"Entropion, unspecified",Diseases of the nervous system,3336,38,1.41,0.0412090227,1,1.95
188.9 ,"Malignant neoplasm of bladder,...",Neoplasms,2558,29,1.41,0.0757884616,0.94,2.03
786.2 ,Cough,"Comorbidities, signs, and ill-defined...",70841,775,1.41,2.048285e-17,1.31,1.52
216.6 ,Benign neoplasm of skin of upper...,Neoplasms,1842,21,1.41,0.1169683641,0.87,2.17
386.00 ,"Minihre's disease, unspecified",Diseases of the nervous system,19055,214,1.41,0.0000034761434,1.22,1.61
388.30 ,"Tinnitus, unspecified",Diseases of the nervous system,23554,265,1.41,0.00000021054647,1.24,1.6
914.0 ,Abrasion or friction burn of hand(s)...,Injury and poisoning,3272,37,1.4,0.0495455091,0.98,1.94
354.9 ,"Mononeuritis of upper limb, unspecified",Diseases of the nervous system,1766,20,1.4,0.1410798345,0.85,2.18
464.0 ,Acute laryngitis,Diseases of the respiratory system,68488,744,1.4,4.567868e-16,1.29,1.51
362.9 ,Unspecified retinal disorder,Diseases of the nervous system,1951,22,1.4,0.1268864273,0.87,2.12
366.14 ,Posterior subcapsular polar senile...,Diseases of the nervous system,4695,53,1.4,0.0177217192,1.05,1.84
370.4 ,Other and unsppecified keratoconjunctivitis,Diseases of the nervous system,1506,17,1.4,0.1914931674,0.81,2.25
372.41 ,"Peripheral pterygium, stationary",Diseases of the nervous system,1863,21,1.4,0.1516869053,0.86,2.14
239.2 ,Neoplasm of unspecified nature...,Neoplasms,2131,24,1.4,0.1136103051,0.89,2.09
789.9 ,Other symptoms involving abdomen...,"Comorbidities, signs, and ill-defined...",1508,17,1.4,0.1917902281,0.81,2.25
272.4 ,Other and unspecified hyperlipidemia,"Endocrine, nutritional and metabolic...",81651,878,1.39,6.531161e-18,1.29,1.5
713.8 ,Arthropathy associated with other...,Diseases of the musculoskeletal...,1519,17,1.39,0.1935889377,0.8,2.23
873 ,Other open wound of head,Injury and poisoning,2856,32,1.39,0.0740333694,0.95,1.97
720.0 ,Ankylosing spondylitis,Diseases of the musculoskeletal...,3846,43,1.39,0.0376426341,1,1.87
362.11 ,Hypertensive retinopathy,Diseases of the nervous system,1422,16,1.39,0.180655826,0.79,2.27
924.5 ,Contusion of unspecified part...,Injury and poisoning,4914,55,1.39,0.0201569204,1.04,1.81
945.00 ,Burn of unspecified degree of...,Injury and poisoning,1519,17,1.39,0.1935889377,0.8,2.23
216.9 ,"Benign neoplasm of skin, site...",Neoplasms,13643,152,1.39,0.0001348745,1.17,1.63
300.5 ,Neurasthenia,Mental disorders,1798,20,1.38,0.1468770647,0.84,2.14
429.3 ,Cardiomegaly,Diseases of the circulatory system,3964,44,1.38,0.0404665925,1,1.85
715.90 ,"Osteoarthrosis, unspecified whether...",Diseases of the musculoskeletal...,64803,700,1.38,0.00000000000001334706,1.28,1.5
910 ,"Superficial injury of face, neck,...",Injury and poisoning,1260,14,1.38,0.2089226977,0.75,2.32
537.9 ,Unspecified disorder of stomach...,Diseases of the digestive system,2876,32,1.38,0.0755724543,0.94,1.95
555.9 ,Regional enteritis of unspecified...,Diseases of the digestive system,6312,70,1.38,0.0108880436,1.07,1.75
366.9 ,Unspecified cataract,Diseases of the nervous system,18942,209,1.38,0.0000128723,1.2,1.59
487 ,Influenza,Diseases of the respiratory system,17250,190,1.38,0.0000355716,1.18,1.59
682 ,Other cellulitis and abscess,Diseases of the skin and subcutaneous...,5937,66,1.38,0.013140096,1.06,1.76
686.0 ,Pyoderma,Diseases of the skin and subcutaneous...,7461,83,1.38,0.0051244066,1.1,1.72
788.4 ,Frequency of urination and polyuria,"Comorbidities, signs, and ill-defined...",17213,190,1.38,0.0000344326,1.19,1.6
298.9 ,Unspecified psychosis,Mental disorders,1536,17,1.37,0.1969096361,0.8,2.2
883.0 ,"Open wound of finger(s), without...",Injury and poisoning,16120,177,1.37,0.0000883482,1.17,1.59
894.1 ,Multiple and unspecified open...,Injury and poisoning,1811,20,1.37,0.1862430103,0.83,2.12
722.73 ,Intervertebral disc disorder with...,Diseases of the musculoskeletal...,3701,41,1.37,0.0525451169,0.98,1.87
478 ,Other diseases of upper respiratory...,Diseases of the respiratory system,2539,28,1.37,0.1184793427,0.91,1.98
382.0 ,Acute suppurative otitis media,Diseases of the nervous system,1263,14,1.37,0.2099976485,0.75,2.31
788.2 ,Retention of urine,"Comorbidities, signs, and ill-defined...",10245,113,1.37,0.0015114511,1.13,1.66
272.2 ,Mixed hyperlipidemia,"Endocrine, nutritional and metabolic...",39540,425,1.36,0.0000000071693955,1.23,1.5
402.91 ,Unspecified hypertensive heart...,Diseases of the circulatory system,4366,48,1.36,0.0413396362,1,1.81
708.9 ,"Urticaria, unspecified",Diseases of the skin and subcutaneous...,52196,557,1.36,0.000000000074474,1.24,1.48
434.9 ,"Cerebral artery occlusion, unspecified",Diseases of the circulatory system,30655,331,1.36,0.00000025192924,1.21,1.52
716.90 ,"Arthropathy, unspecified, site...",Diseases of the musculoskeletal...,45341,487,1.36,0.0000000006038519,1.24,1.49
723.1 ,Cervicalgia,Diseases of the musculoskeletal...,21010,229,1.36,0.0000116015,1.19,1.56
723.3 ,Cervicobrachial syndrome (diffuse),Diseases of the musculoskeletal...,2828,31,1.36,0.0920581157,0.92,1.94
724.5 ,"Backache, unspecified",Diseases of the musculoskeletal...,99676,1042,1.36,6.265178e-18,1.27,1.46
366.15 ,Cortical senile cataract,Diseases of the nervous system,2011,22,1.36,0.1680042336,0.85,2.06
372.9 ,Unspecified disorder of conjunctiva,Diseases of the nervous system,3463,38,1.36,0.0698173878,0.96,1.87
682.6 ,"Cellulitis and abscess of leg,...",Diseases of the skin and subcutaneous...,8047,88,1.36,0.00586427,1.09,1.68
707.1 ,"Ulcer of lower limbs, except decubitus",Diseases of the skin and subcutaneous...,4045,44,1.35,0.0526353128,0.98,1.82
427.69 ,Other premature beats,Diseases of the circulatory system,1280,14,1.35,0.2702832042,0.74,2.28
715.37 ,"Osteoarthrosis, localized, not...",Diseases of the musculoskeletal...,1741,19,1.35,0.1801510184,0.81,2.12
438 ,Late effects of cerebrovascular...,Diseases of the circulatory system,29537,317,1.35,0.00000087459697,1.2,1.51
919 ,"Superficial injury of other, multiple,...",Injury and poisoning,1561,17,1.35,0.2029537795,0.78,2.17
461 ,Acute sinusitis,Diseases of the respiratory system,5338,58,1.35,0.03132193,1.02,1.75
362.01 ,Background diabetic retinopathy,Diseases of the nervous system,9394,102,1.35,0.0037340829,1.1,1.64
922.3 ,Contusion of back,Injury and poisoning,7164,78,1.35,0.0115950357,1.07,1.69
601.9 ,"Prostatitis, unspecified",Diseases of the genitourinary...,5622,61,1.35,0.0248142548,1.03,1.74
784.1 ,Throat pain,"Comorbidities, signs, and ill-defined...",9569,104,1.35,0.0033678833,1.1,1.64
215.9 ,Other benign neoplasm of connective...,Neoplasms,3225,35,1.35,0.0927866235,0.93,1.88
250.50 ,"Diabetes with ophthalmic manifestations,...","Endocrine, nutritional and metabolic...",4783,52,1.35,0.0352882771,1,1.77
876.0 ,"Open wound of back, without mention...",Injury and poisoning,1297,14,1.34,0.2744144252,0.73,2.25
716.56 ,Unspecified polyarthropathy or...,Diseases of the musculoskeletal...,1204,13,1.34,0.2608197633,0.71,2.3
924.11 ,Contusion of knee,Injury and poisoning,7788,84,1.34,0.0108145398,1.07,1.66
367.1 ,Myopia,Diseases of the nervous system,2870,31,1.34,0.1160245232,0.91,1.91
583.81 ,"Nephritis and nephropathy, not...",Diseases of the genitourinary...,1292,14,1.34,0.2731151554,0.73,2.26
781.9 ,Other symptoms involving nervous...,"Comorbidities, signs, and ill-defined...",7389,80,1.34,0.010860706,1.06,1.68
382.9 ,Unspecified otitis media,Diseases of the nervous system,17658,189,1.34,0.0001785338,1.15,1.55
686.8 ,Other specified local infections...,Diseases of the skin and subcutaneous...,23901,255,1.34,0.0000168106,1.17,1.52
788.6 ,Other abnormality of urination,"Comorbidities, signs, and ill-defined...",1293,14,1.34,0.2733694495,0.73,2.26
816.00 ,Closed fracture of phalanx or...,Injury and poisoning,1487,16,1.33,0.2443372075,0.76,2.17
708.1 ,Idiopathic urticaria,Diseases of the skin and subcutaneous...,2795,30,1.33,0.1369513906,0.89,1.9
709.9 ,Unspecified disorder of skin and...,Diseases of the skin and subcutaneous...,23365,248,1.33,0.0000311756,1.16,1.51
416 ,Chronic pulmonary heart disease,Diseases of the circulatory system,2985,32,1.33,0.1231773933,0.91,1.88
460 ,Acute nasopharyngitis [common...,Diseases of the respiratory system,204290,2005,1.33,6.440949e-24,1.26,1.41
362.02 ,Proliferative diabetic retinopathy,Diseases of the nervous system,5692,61,1.33,0.0310985923,1.01,1.71
922.9 ,Contusion of unspecified part...,Injury and poisoning,4577,49,1.33,0.0563683272,0.98,1.76
722.90 ,"Other and unspecified disc disorder,...",Diseases of the musculoskeletal...,2793,30,1.33,0.1368068443,0.9,1.91
931 ,Foreign body in ear,Injury and poisoning,2325,25,1.33,0.1623163054,0.86,1.97
368.13 ,Visual discomfort,Diseases of the nervous system,35228,373,1.33,0.00000028761983,1.2,1.48
728.9 ,"Unspecified disorder of muscle,...",Diseases of the musculoskeletal...,15636,167,1.33,0.00050032,1.13,1.55
729.9 ,Other and unspecified disorders...,Diseases of the musculoskeletal...,3271,35,1.33,0.0964797423,0.92,1.85
782.2 ,"Localized superficial swelling,...","Comorbidities, signs, and ill-defined...",1392,15,1.33,0.2907591368,0.74,2.21
214.9 ,"Lipoma, unspecified site",Neoplasms,1678,18,1.33,0.2185511051,0.78,2.11
427.89 ,Other specified cardiac dysrhythmias,Diseases of the circulatory system,7820,83,1.32,0.0157608163,1.05,1.64
893.0 ,"Open wound of toe(s), without...",Injury and poisoning,5929,63,1.32,0.0345095796,1.01,1.69
592.9 ,"Urinary calculus, unspecified",Diseases of the genitourinary...,23679,250,1.32,0.0000411795,1.16,1.5
599.7 ,Hematuria,Diseases of the genitourinary...,25667,270,1.32,0.0000235753,1.16,1.49
373.2 ,Chalazion,Diseases of the nervous system,3388,36,1.32,0.1020415259,0.92,1.83
216.3 ,Benign neoplasm of skin of other...,Neoplasms,2343,25,1.32,0.1647380668,0.85,1.96
405.99 ,Other unspecified secondary hypertension,Diseases of the circulatory system,4646,49,1.31,0.0700869289,0.96,1.73
894 ,Multiple and unspecified open...,Injury and poisoning,2932,31,1.31,0.1466679924,0.89,1.87
719.49 ,"Pain in joint, multiple sites",Diseases of the musculoskeletal...,9556,101,1.31,0.0095658488,1.07,1.6
922.1 ,Contusion of chest wall,Injury and poisoning,22953,241,1.31,0.0000710234,1.15,1.49
466.1 ,Acute bronchiolitis,Diseases of the respiratory system,34128,356,1.31,0.0000021072247,1.17,1.46
727.00 ,"Synovitis and tenosynovitis, unspecified",Diseases of the musculoskeletal...,58810,606,1.31,0.000000002033984,1.2,1.42
041.9 ,"Bacterial infection, unspecified,...",Infectious and parasitic diseases,6543,69,1.31,0.0314114898,1.02,1.66
154.1 ,Malignant neoplasm of rectum,Neoplasms,3980,42,1.31,0.0911288692,0.94,1.77
389 ,Hearing loss,Diseases of the nervous system,1989,21,1.31,0.2096498452,0.81,2.01
698.3 ,Lichenification and lichen simplex...,Diseases of the skin and subcutaneous...,18444,193,1.3,0.0004642212,1.12,1.51
840.9 ,Sprains and strains of unspecified...,Injury and poisoning,8434,88,1.3,0.0200029499,1.04,1.6
847.2 ,Sprain of lumbar,Injury and poisoning,23195,241,1.3,0.0001418704,1.14,1.48
712 ,Crystal arthropathies,Diseases of the musculoskeletal...,3328,35,1.3,0.1204034296,0.9,1.82
854.00 ,Intracranial injury of other and...,Injury and poisoning,6127,64,1.3,0.0447091109,0.99,1.66
891.0 ,"Open wound of knee, leg [except...",Injury and poisoning,22574,235,1.3,0.0001569489,1.14,1.48
461.0 ,Acute maxillary sinusitis,Diseases of the respiratory system,4581,48,1.3,0.0815836735,0.95,1.73
461.8 ,Other acute sinusitis,Diseases of the respiratory system,5261,55,1.3,0.0632917956,0.97,1.69
477.8 ,Allergic rhinitis due to other...,Diseases of the respiratory system,6378,67,1.3,0.0351209136,1.01,1.66
727.01 ,Synovitis and tenosynovitis in...,Diseases of the musculoskeletal...,1806,19,1.3,0.2359720218,0.78,2.04
727.06 ,Tenosynovitis of foot and ankle,Diseases of the musculoskeletal...,2282,24,1.3,0.1966988461,0.83,1.94
372 ,Disorders of conjunctiva,Diseases of the nervous system,6507,68,1.3,0.0370214485,1,1.65
595.0 ,Acute cystitis,Diseases of the genitourinary...,23212,241,1.3,0.000143122,1.13,1.48
786.00 ,"Respiratory abnormality, unspecified","Comorbidities, signs, and ill-defined...",4206,44,1.3,0.100053127,0.94,1.75
381.4 ,"Nonsuppurative otitis media, not...",Diseases of the nervous system,2387,25,1.3,0.2061625036,0.84,1.92
719.47 ,"Pain in joint, ankle and foot",Diseases of the musculoskeletal...,7502,78,1.29,0.0322284474,1.02,1.62
455.5 ,External hemorrhoids with other...,Diseases of the circulatory system,1721,18,1.29,0.2785388709,0.76,2.05
459.9 ,Unspecified circulatory system...,Diseases of the circulatory system,3551,37,1.29,0.1319218493,0.91,1.78
465.8 ,Acute upper respiratory infections...,Diseases of the respiratory system,61613,626,1.29,0.000000007736909,1.18,1.4
478.8 ,Upper respiratory tract hypersensitivity...,Diseases of the respiratory system,1912,20,1.29,0.248036131,0.79,2.01
799.9 ,Other unknown and unspecified...,"Comorbidities, signs, and ill-defined...",2488,26,1.29,0.1790042132,0.84,1.9
698.2 ,Prurigo,Diseases of the skin and subcutaneous...,33796,346,1.28,0.0000149599,1.15,1.43
290.0 ,"Senile dementia, uncomplicated",Mental disorders,5020,52,1.28,0.0814075752,0.96,1.69
416.9 ,"Chronic pulmonary heart disease,...",Diseases of the circulatory system,1256,13,1.28,0.3428012533,0.68,2.2
342.9 ,"Hemiplegia, unspecified",Diseases of the nervous system,3487,36,1.28,0.1540039455,0.89,1.78
719.41 ,"Pain in joint, shoulder region",Diseases of the musculoskeletal...,8501,88,1.28,0.024063428,1.03,1.59
916.1 ,"Abrasion or friction burn of hip,...",Injury and poisoning,2329,24,1.28,0.2446580916,0.81,1.9
487.8 ,Influenza with other manifestations,Diseases of the respiratory system,14499,149,1.28,0.0042493547,1.08,1.51
491.1 ,Mucopurulent chronic bronchitis,Diseases of the respiratory system,8811,91,1.28,0.0228358908,1.03,1.58
372.02 ,Acute follicular conjunctivitis,Diseases of the nervous system,2123,22,1.28,0.2254917397,0.8,1.95
728.89 ,"Other disorders of muscle, ligament,...",Diseases of the musculoskeletal...,7655,79,1.28,0.0340997693,1.01,1.6
592.1 ,Calculus of ureter,Diseases of the genitourinary...,17741,182,1.28,0.0016744845,1.1,1.48
161.9 ,"Malignant neoplasm of larynx,...",Neoplasms,1445,15,1.28,0.303137524,0.72,2.13
380.10 ,"Infective otitis externa, unspecified",Diseases of the nervous system,33388,342,1.28,0.0000154553,1.15,1.43
686 ,Other local infections of skin...,Diseases of the skin and subcutaneous...,6611,68,1.28,0.0531192206,0.99,1.62
695.89 ,Other specified erythematous conditions,Diseases of the skin and subcutaneous...,2051,21,1.27,0.2657803942,0.78,1.94
424.1 ,Aortic valve disorders,Diseases of the circulatory system,5737,59,1.27,0.0751896891,0.97,1.65
890.0 ,"Open wound of hip and thigh, without...",Injury and poisoning,2544,26,1.27,0.2222804009,0.82,1.86
719.40 ,"Pain in joint, site unspecified",Diseases of the musculoskeletal...,52793,531,1.27,0.00000042886968,1.16,1.39
910.0 ,"Abrasion or friction burn of face,...",Injury and poisoning,4891,50,1.27,0.1084458786,0.94,1.68
464.11 ,Acute tracheitis with obstruction,Diseases of the respiratory system,5838,60,1.27,0.066530992,0.97,1.64
487.1 ,Influenza with other respiratory...,Diseases of the respiratory system,96137,949,1.27,0.0000000001516664,1.18,1.36
591 ,Hydronephrosis,Diseases of the genitourinary...,7535,77,1.27,0.0448236455,1,1.59
372.40 ,"Pterygium, unspecified",Diseases of the nervous system,16821,171,1.27,0.0034915817,1.08,1.47
373.12 ,Hordeolum internum,Diseases of the nervous system,9641,99,1.27,0.0218759296,1.03,1.56
214.1 ,Lipoma of other skin and subcutaneous...,Neoplasms,1271,13,1.27,0.3479515161,0.67,2.17
682.9 ,Cellulitis and abscess of unspecified...,Diseases of the skin and subcutaneous...,39816,403,1.27,0.0000079012254,1.15,1.41
845.19 ,Other sprain of foot,Injury and poisoning,1473,15,1.26,0.3791843858,0.7,2.09
884.0 ,Multiple and unspecified open...,Injury and poisoning,20256,205,1.26,0.0016558937,1.09,1.45
464.21 ,Acute laryngotracheitis with obstruction,Diseases of the respiratory system,2253,23,1.26,0.2398482071,0.8,1.9
365.04 ,Ocular hypertension,Diseases of the nervous system,1474,15,1.26,0.3793715936,0.7,2.09
137.0 ,Late effects of respiratory or...,Infectious and parasitic diseases,10945,111,1.26,0.0206330816,1.03,1.52
216.7 ,Benign neoplasm of skin of lower...,Neoplasms,1374,14,1.26,0.3638289086,0.69,2.12
277.2 ,Other disorders of purine and...,"Endocrine, nutritional and metabolic...",1488,15,1.25,0.3822511411,0.7,2.07
844.9 ,Sprains and strains of unspecified...,Injury and poisoning,8601,87,1.25,0.0394762148,1,1.55
846.0 ,Sprain of lumbosacral (joint)...,Injury and poisoning,1488,15,1.25,0.3822511411,0.7,2.07
879.9 ,Open wound(s) (multiple) of unspecified...,Injury and poisoning,1291,13,1.25,0.4334194674,0.66,2.14
308.0 ,Predominant disturbance of emotions,Mental disorders,1982,20,1.25,0.3135332487,0.76,1.94
891.1 ,"Open wound of knee, leg [except...",Injury and poisoning,5236,53,1.25,0.1038437903,0.94,1.65
581.9 ,Nephrotic syndrome with unspecified...,Diseases of the genitourinary...,4442,45,1.25,0.1303518065,0.91,1.68
694.0 ,Dermatitis herpetiformis,Diseases of the skin and subcutaneous...,1589,16,1.25,0.3973417989,0.71,2.03
842.00 ,"Sprain of wrist, unspecified site",Injury and poisoning,1594,16,1.24,0.3981190827,0.71,2.02
716 ,Other and unspecified arthropathies,Diseases of the musculoskeletal...,6114,61,1.24,0.0994606663,0.94,1.59
722.93 ,"Other and unspecified disc disorder,...",Diseases of the musculoskeletal...,4577,46,1.24,0.1365242324,0.91,1.67
147.9 ,"Malignant neoplasm of nasopharynx,...",Neoplasms,2702,27,1.24,0.2803375678,0.81,1.81
629.9 ,Unspecified disorder of female...,Diseases of the genitourinary...,1398,14,1.24,0.3711203467,0.68,2.09
382.4 ,Unspecified suppurative otitis...,Diseases of the nervous system,1699,17,1.24,0.3428908543,0.72,1.99
847.0 ,Sprain of neck,Injury and poisoning,10832,107,1.23,0.0400735379,1,1.49
710.2 ,Sicca syndrome,Diseases of the musculoskeletal...,2707,27,1.23,0.2808874293,0.81,1.8
443.9 ,"Peripheral vascular disease, unspecified",Diseases of the circulatory system,10527,104,1.23,0.0426515649,1,1.49
464.1 ,Acute tracheitis,Diseases of the respiratory system,8975,89,1.23,0.0576771603,0.98,1.52
367.9 ,Unspecified disorder of refraction...,Diseases of the nervous system,11545,114,1.23,0.0360792426,1.01,1.48
110.5 ,Dermatophytosis of the body,Infectious and parasitic diseases,15934,158,1.23,0.0122012614,1.04,1.45
524.60 ,"Temporomandibular joint disorders,...",Diseases of the digestive system,1207,12,1.23,0.4212093659,0.63,2.16
599.8 ,Other specified disorders of urethra...,Diseases of the genitourinary...,1808,18,1.23,0.3563455087,0.73,1.95
242.90 ,Thyrotoxicosis without mention...,"Endocrine, nutritional and metabolic...",2712,27,1.23,0.2814724466,0.81,1.8
692.4 ,Contact dermatitis and other eczema...,Diseases of the skin and subcutaneous...,7230,72,1.23,0.0858380341,0.96,1.56
454.9 ,Asymptomatic varicose veins,Diseases of the circulatory system,3051,30,1.22,0.2656478354,0.82,1.74
719.99 ,"Unspecified disorder of joint,...",Diseases of the musculoskeletal...,2941,29,1.22,0.3008045126,0.81,1.76
725 ,Polymyalgia rheumatica,Diseases of the musculoskeletal...,1627,16,1.22,0.4046640328,0.69,1.98
373.00 ,"Blepharitis, unspecified",Diseases of the nervous system,13472,132,1.22,0.0289295765,1.01,1.45
386.50 ,"Labyrinthine dysfunction, unspecified",Diseases of the nervous system,1726,17,1.22,0.4171526614,0.71,1.96
250.70 ,Diabetes with peripheral circulatory...,"Endocrine, nutritional and metabolic...",6713,66,1.22,0.1152380787,0.94,1.55
272.1 ,Pure hyperglyceridemia,"Endocrine, nutritional and metabolic...",10120,99,1.21,0.0649196722,0.98,1.48
402.90 ,Unspecified hypertensive heart...,Diseases of the circulatory system,88352,842,1.21,0.0000007597716,1.12,1.3
709.8 ,Other specified disorders of skin,Diseases of the skin and subcutaneous...,6956,68,1.21,0.1216554304,0.94,1.54
011 ,Pulmoary tuberculosis,Infectious and parasitic diseases,3478,34,1.21,0.2550155975,0.84,1.7
599.9 ,Unspecified disorder of urethra...,Diseases of the genitourinary...,6160,60,1.21,0.1528241292,0.92,1.56
680.9 ,Carbuncle and furuncle of unspecified...,Diseases of the skin and subcutaneous...,15418,150,1.21,0.0258891504,1.02,1.42
250.01 ,Diabetes mellitus without mention...,"Endocrine, nutritional and metabolic...",3387,33,1.21,0.2891315165,0.83,1.7
401.0 ,Malignant essential hypertension,Diseases of the circulatory system,10349,100,1.2,0.0769637697,0.97,1.46
290 ,Senile and presenile organic psychotic...,Mental disorders,1861,18,1.2,0.4351419988,0.71,1.9
870.0 ,Laceration of skin of eyelid and...,Injury and poisoning,1855,18,1.2,0.4341500908,0.71,1.9
894.0 ,Multiple and unspecified open...,Injury and poisoning,31044,298,1.2,0.0031915136,1.06,1.35
719.89 ,"Other specified disorders of joint,...",Diseases of the musculoskeletal...,1444,14,1.2,0.4608996787,0.65,2.02
924.10 ,Contusion of lower leg,Injury and poisoning,3207,31,1.2,0.3220753186,0.81,1.7
949.0 ,"Burn of unspecified site, unspecified...",Injury and poisoning,3300,32,1.2,0.2844381821,0.82,1.7
724.9 ,Other unspecified back disorders,Diseases of the musculoskeletal...,9994,97,1.2,0.0810460742,0.97,1.47
111 ,"Dermatomycosis, other and unspecified",Infectious and parasitic diseases,1238,12,1.2,0.5223263259,0.62,2.1
782.0 ,Disturbance of skin sensation,"Comorbidities, signs, and ill-defined...",1747,17,1.2,0.4210411156,0.7,1.93
785.0 ,"Tachycardia, unspecified","Comorbidities, signs, and ill-defined...",2466,24,1.2,0.3660697493,0.77,1.8
911.0 ,"Abrasion or friction burn of trunk,...",Injury and poisoning,2184,21,1.19,0.4017563682,0.73,1.82
918.1 ,Superficial injury of cornea,Injury and poisoning,12834,123,1.19,0.0656495383,0.99,1.42
370.23 ,Filamentary keratitis,Diseases of the nervous system,2919,28,1.19,0.3509393996,0.79,1.72
727.89 ,"Other disorders of synovium, tendon,...",Diseases of the musculoskeletal...,1666,16,1.19,0.4912843252,0.68,1.94
372.00 ,"Acute conjunctivitis, unspecified",Diseases of the nervous system,68544,647,1.19,0.0000583047,1.09,1.29
686.9 ,Unspecified local infection of...,Diseases of the skin and subcutaneous...,54014,511,1.19,0.0003487615,1.08,1.3
272.9 ,Unspecified disorder of lipoid...,"Endocrine, nutritional and metabolic...",7334,70,1.18,0.1686425641,0.92,1.5
705.81 ,Dyshidrosis,Diseases of the skin and subcutaneous...,4931,47,1.18,0.2634964066,0.86,1.57
410.90 ,Acute myocardial infarction of...,Diseases of the circulatory system,3463,33,1.18,0.3408929745,0.81,1.66
847.9 ,Sprain of unspecified site of...,Injury and poisoning,3985,38,1.18,0.2880633337,0.83,1.62
848.8 ,Other specified sites of sprains...,Injury and poisoning,4620,44,1.18,0.28340242,0.85,1.59
716.59 ,Unspecified polyarthropathy or...,Diseases of the musculoskeletal...,2200,21,1.18,0.4048172841,0.73,1.81
719.88 ,"Other specified disorders of joint,...",Diseases of the musculoskeletal...,1993,19,1.18,0.451282645,0.71,1.85
372.30 ,"Conjunctivitis, unspecified",Diseases of the nervous system,95955,896,1.18,0.0000066961356,1.1,1.27
372.39 ,Other conjunctivitis,Diseases of the nervous system,3552,34,1.18,0.3023547686,0.82,1.66
250.00 ,Diabetes mellitus without mention...,"Endocrine, nutritional and metabolic...",111860,1038,1.18,0.0000025865977,1.1,1.26
701.1 ,"Keratoderma, acquired",Diseases of the skin and subcutaneous...,4446,42,1.17,0.3129945356,0.84,1.58
840.8 ,Sprains and strains of other specified...,Injury and poisoning,1689,16,1.17,0.4953305177,0.67,1.91
850.0 ,Concussion with no loss of consciousness,Injury and poisoning,4767,45,1.17,0.2914840963,0.85,1.57
349 ,Other and unspecified disorders...,Diseases of the nervous system,2641,25,1.17,0.4447136977,0.76,1.73
464.4 ,Croup,Diseases of the respiratory system,2322,22,1.17,0.417205535,0.73,1.78
958.3 ,Posttraumatic wound infection...,Injury and poisoning,11477,108,1.17,0.1152015261,0.95,1.41
919.0 ,"Abrasion or friction burn of other,...",Injury and poisoning,13580,127,1.16,0.1003412666,0.96,1.38
930.1 ,Foreign body in conjunctival sac,Injury and poisoning,24570,229,1.16,0.0324875733,1.01,1.32
077.1 ,Epidemic keratoconjunctivitis,Infectious and parasitic diseases,7230,68,1.16,0.2100150987,0.9,1.48
595.9 ,"Cystitis, unspecified",Diseases of the genitourinary...,16918,158,1.16,0.0748548308,0.98,1.36
250.60 ,"Diabetes with neurological manifestations,...","Endocrine, nutritional and metabolic...",17117,160,1.16,0.0696612997,0.98,1.36
977.9 ,Poisoning by unspecified drug...,Injury and poisoning,1724,16,1.15,0.5883726662,0.65,1.87
998.5 ,Postoperative infection,Injury and poisoning,4298,40,1.15,0.3482779568,0.82,1.57
493.21 ,Chronic obstructive asthma with...,Diseases of the respiratory system,5076,47,1.15,0.3452090489,0.84,1.53
682.2 ,Cellulitis and abscess of trunk,Diseases of the skin and subcutaneous...,1826,17,1.15,0.5130430888,0.67,1.85
810.00 ,"Closed fracture of clavicle, unspecified...",Injury and poisoning,2270,21,1.14,0.4825214256,0.71,1.75
402.10 ,Benign hypertensive heart disease...,Diseases of the circulatory system,30561,281,1.14,0.0312277119,1.01,1.29
844.1 ,Sprain of medial collateral ligament...,Injury and poisoning,1296,12,1.14,0.6391609901,0.59,2.01
933.1 ,Foreign body in larynx,Injury and poisoning,4107,38,1.14,0.3827253094,0.81,1.58
377.10 ,"Optic atrophy, unspecified",Diseases of the nervous system,1839,17,1.14,0.5158306632,0.66,1.84
682.8 ,Cellulitis and abscess of other...,Diseases of the skin and subcutaneous...,4674,43,1.14,0.4119653531,0.82,1.54
266.9 ,Unspecified vitamin B deficiency,"Endocrine, nutritional and metabolic...",1199,11,1.13,0.62688567,0.56,2.04
431 ,Intracerebral hemorrhage,Diseases of the circulatory system,9558,87,1.13,0.2745860581,0.9,1.39
924.9 ,Contusion of unspecified site,Injury and poisoning,9325,85,1.13,0.2689042513,0.9,1.4
366.53 ,"After-cataract, obscuring vision",Diseases of the nervous system,3057,28,1.13,0.4788190759,0.75,1.64
684 ,Impetigo,Diseases of the skin and subcutaneous...,2189,20,1.13,0.5496833211,0.69,1.75
842.10 ,"Sprain of hand, unspecified site",Injury and poisoning,1324,12,1.12,0.643880612,0.58,1.96
850.9 ,"Concussion, unspecified",Injury and poisoning,5298,48,1.12,0.4408806537,0.82,1.49
882.0 ,Open wound of hand except finger(s)...,Injury and poisoning,13652,123,1.12,0.2280235634,0.92,1.33
464.10 ,Acute tracheitis without mention...,Diseases of the respiratory system,66621,599,1.12,0.0078200348,1.03,1.22
371.20 ,"Corneal edema, unspecified",Diseases of the nervous system,1538,14,1.12,0.6672309841,0.61,1.89
608 ,Other disorders of male genital...,Diseases of the genitourinary...,1209,11,1.12,0.6291957803,0.56,2.02
250.40 ,"Diabetes with renal manifestations,...","Endocrine, nutritional and metabolic...",12493,113,1.12,0.2269892235,0.92,1.35
892.0 ,Open wound of foot except toe(s)...,Injury and poisoning,17342,156,1.11,0.1835147323,0.94,1.31
440.9 ,Generalized and unspecified atherosclerosis,Diseases of the circulatory system,8997,81,1.11,0.3430960077,0.88,1.39
923.9 ,Contusion of unspecified part...,Injury and poisoning,3890,35,1.11,0.5291565246,0.77,1.55
493.90 ,"Asthma, unspecified type, unspecified",Diseases of the respiratory system,48315,430,1.11,0.0455057509,1,1.22
845.00 ,"Sprain of ankle, unspecified site",Injury and poisoning,5410,48,1.1,0.4933693838,0.81,1.46
715.91 ,"Osteoarthrosis, unspecified whether...",Diseases of the musculoskeletal...,1236,11,1.1,0.7488644924,0.55,1.98
355.9 ,Mononeuritis of unspecified site,Diseases of the nervous system,2686,24,1.1,0.589288629,0.71,1.65
137.1 ,Late effects of central nervous...,Infectious and parasitic diseases,1916,17,1.1,0.7004199037,0.64,1.76
786.9 ,Other symptoms involving respiratory...,"Comorbidities, signs, and ill-defined...",2141,19,1.1,0.6291134275,0.66,1.72
692.0 ,Contact dermatitis and other eczema...,Diseases of the skin and subcutaneous...,12713,113,1.1,0.3177250294,0.9,1.33
389.10 ,"Sensorineural hearing loss, unspecified",Diseases of the nervous system,8341,74,1.1,0.4240412034,0.86,1.38
296.90 ,Unspecified episodic mood disorder,Mental disorders,2038,18,1.09,0.7091585511,0.64,1.73
873.8 ,Other and unspecified open wound...,Injury and poisoning,3755,33,1.09,0.5844636316,0.75,1.53
927.3 ,Crushing injury of finger(s),Injury and poisoning,1580,14,1.09,0.6728697665,0.6,1.84
493.91 ,"Asthma, unspecified type, with...",Diseases of the respiratory system,5332,47,1.09,0.5392190861,0.8,1.45
229.8 ,Benign neoplasm of other specified...,Neoplasms,2943,26,1.09,0.6064504784,0.71,1.6
287.2 ,Other nonthrombocytopenic purpuras,Diseases of the blood and blood-forming...,1258,11,1.08,0.7515585116,0.54,1.94
719 ,Other and unspecified disorders...,Diseases of the musculoskeletal...,2182,19,1.08,0.718884385,0.65,1.69
920 ,"Contusion of face, scalp, and...",Injury and poisoning,11293,99,1.08,0.4269799256,0.88,1.32
464.20 ,Acute laryngotracheitis without...,Diseases of the respiratory system,28093,245,1.08,0.2344441861,0.95,1.23
924.21 ,Contusion of ankle,Injury and poisoning,2281,20,1.08,0.724502496,0.66,1.68
366.50 ,"After-cataract, unspecified",Diseases of the nervous system,6769,59,1.08,0.5399000751,0.82,1.39
367.89 ,Other disorders of refraction...,Diseases of the nervous system,3778,33,1.08,0.6484286044,0.74,1.52
523.0 ,Acute gingivitis,Diseases of the digestive system,6531,57,1.08,0.5785055084,0.81,1.4
604.90 ,"Orchitis and epididymitis, unspecified",Diseases of the genitourinary...,2866,25,1.08,0.675641829,0.7,1.6
229.9 ,Benign neoplasm of unspecified...,Neoplasms,1371,12,1.08,0.7614805574,0.56,1.9
916.0 ,"Abrasion or friction burn of hip,...",Injury and poisoning,12574,109,1.07,0.4818811567,0.88,1.3
723.5 ,"Torticollis, unspecified",Diseases of the musculoskeletal...,1739,15,1.07,0.7877422381,0.59,1.76
933.0 ,Foreign body in pharynx,Injury and poisoning,4968,43,1.07,0.6334610978,0.77,1.44
035 ,Erysipelas,Infectious and parasitic diseases,1503,13,1.07,0.7722107269,0.57,1.83
373.13 ,Abscess of eyelid,Diseases of the nervous system,1494,13,1.07,0.7713199036,0.57,1.85
434.1 ,Cerebral embolism,Diseases of the circulatory system,6665,57,1.06,0.6799963897,0.8,1.37
716.98 ,"Arthropathy, unspecified, other...",Diseases of the musculoskeletal...,3482,30,1.06,0.704189228,0.72,1.52
917.0 ,Abrasion or friction burn of foot...,Injury and poisoning,4180,36,1.06,0.6653492888,0.74,1.48
594.2 ,Calculus in urethra,Diseases of the genitourinary...,1404,12,1.06,0.7656873288,0.54,1.85
597.80 ,"Urethritis, unspecified",Diseases of the genitourinary...,9556,82,1.06,0.604750529,0.84,1.32
597.89 ,Other urethritis,Diseases of the genitourinary...,2792,24,1.06,0.750288031,0.68,1.58
379.8 ,Other specified disorders of eye...,Diseases of the nervous system,3608,31,1.06,0.7092054138,0.72,1.51
788.0 ,Renal colic,"Comorbidities, signs, and ill-defined...",7467,64,1.06,0.649231483,0.81,1.36
701.4 ,Keloid scar,Diseases of the skin and subcutaneous...,2109,18,1.05,0.8069809039,0.62,1.67
930.0 ,Corneal foreign body,Injury and poisoning,24729,210,1.05,0.4924158788,0.91,1.21
491.20 ,Obstructive chronic bronchitis...,Diseases of the respiratory system,18043,153,1.05,0.5557741807,0.89,1.23
829.0 ,"Fracture of unspecified bone,...",Injury and poisoning,1907,16,1.04,0.7985345843,0.59,1.69
478.4 ,Polyp of vocal cord or larynx,Diseases of the respiratory system,1908,16,1.04,0.7986362955,0.59,1.69
493.10 ,"Intrinsic asthma, unspecified",Diseases of the respiratory system,3089,26,1.04,0.8400939835,0.68,1.53
215.0 ,Other benign neoplasm of connective...,Neoplasms,2263,19,1.04,0.8141548095,0.62,1.62
884 ,Multiple and unspecified open...,Injury and poisoning,1791,15,1.03,0.8944447372,0.58,1.71
370.40 ,"Keratoconjunctivitis, unspecified",Diseases of the nervous system,4070,34,1.03,0.8604691594,0.71,1.45
464.30 ,Acute epiglottitis without mention...,Diseases of the respiratory system,1824,15,1.02,0.8957035867,0.57,1.68
989.5 ,Toxic effect of venom,Injury and poisoning,2666,22,1.02,0.9135291549,0.64,1.55
379.23 ,Vitreous hemorrhage,Diseases of the nervous system,3762,31,1.02,0.9271648649,0.69,1.45
681.9 ,Cellulitis and abscess of unspecified...,Diseases of the skin and subcutaneous...,3514,29,1.02,0.8505994204,0.68,1.47
807.00 ,"Closed fracture of rib(s), unspecified",Injury and poisoning,3434,28,1.01,0.9239339271,0.67,1.46
854.01 ,Intracranial injury of other and...,Injury and poisoning,3180,26,1.01,0.9209167414,0.66,1.48
873.42 ,"Open wound of forehead, without...",Injury and poisoning,2819,23,1.01,0.9161156722,0.64,1.52
523.9 ,Unspecified gingival and periodontal...,Diseases of the digestive system,7063,58,1.01,0.8937914346,0.77,1.31
133.0 ,Scabies,Infectious and parasitic diseases,5148,42,1.01,0.9377356111,0.72,1.36
850.1 ,Concussion with brief loss of...,Injury and poisoning,1239,10,1,1,0.48,1.84
873.0 ,"Open wound of scalp, without mention...",Injury and poisoning,11240,91,1,1,0.8,1.23
873.41 ,"Open wound of cheek, without mention...",Injury and poisoning,1482,12,1,1,0.51,1.75
366.17 ,Total or mature cataract,Diseases of the nervous system,3074,25,1,0.9197331848,0.65,1.49
053.10 ,Herpes zoster with unspecified...,Infectious and parasitic diseases,1729,14,1,1,0.54,1.68
079.9 ,Unspecified viral and chlamydial...,Infectious and parasitic diseases,1725,14,1,0.8933607091,0.55,1.69
519 ,Other diseases of respiratory...,Diseases of the respiratory system,1479,12,1,0.8849953149,0.52,1.76
388.5 ,Disorders of acoustic nerve,Diseases of the nervous system,1611,13,1,1,0.53,1.71
840 ,Sprains and strains of shoulder...,Injury and poisoning,1501,12,0.99,1,0.51,1.73
382.00 ,Acute suppurative otitis media...,Diseases of the nervous system,2869,23,0.99,1,0.63,1.49
250.90 ,"Diabetes with unspecified complication,...","Endocrine, nutritional and metabolic...",32637,262,0.99,0.8993542944,0.87,1.12
923.20 ,Contusion of hand(s),Injury and poisoning,2514,20,0.98,1,0.6,1.52
365.22 ,Acute angle-closure glaucoma,Diseases of the nervous system,1507,12,0.98,1,0.51,1.72
011.40 ,"Tuberculous fibrosis of lung,...",Infectious and parasitic diseases,1891,15,0.98,1,0.55,1.62
492.0 ,Emphysematous bleb,Diseases of the respiratory system,1636,13,0.98,1,0.52,1.68
682.3 ,Cellulitis and abscess of upper...,Diseases of the skin and subcutaneous...,1644,13,0.98,1,0.52,1.67
923.11 ,Contusion of elbow,Injury and poisoning,1903,15,0.97,1,0.54,1.61
364.00 ,"Acute and subacute iridocyclitis,...",Diseases of the nervous system,2670,21,0.97,1,0.6,1.49
365.10 ,"Open-angle glaucoma, unspecified",Diseases of the nervous system,1781,14,0.97,1,0.53,1.63
110.8 ,Dermatophytosis of other specified...,Infectious and parasitic diseases,1914,15,0.97,1,0.54,1.6
682.4 ,"Cellulitis and abscess of hand,...",Diseases of the skin and subcutaneous...,1902,15,0.97,1,0.54,1.61
923.00 ,Contusion of shoulder region,Injury and poisoning,4630,36,0.96,0.8694615573,0.67,1.33
493.00 ,"Extrinsic asthma, unspecified",Diseases of the respiratory system,5933,46,0.96,0.8273208692,0.7,1.28
525.9 ,Unspecified disorder of the teeth...,Diseases of the digestive system,1284,10,0.96,1,0.46,1.77
681.02 ,Onychia and paronychia of finger,Diseases of the skin and subcutaneous...,1921,15,0.96,1,0.54,1.59
728.71 ,Plantar fascial fibromatosis,Diseases of the musculoskeletal...,1555,12,0.95,1,0.49,1.67
780.3 ,Convulsions,"Comorbidities, signs, and ill-defined...",3232,25,0.95,0.9215684798,0.62,1.41
848.0 ,Sprain of septal cartilage of...,Injury and poisoning,1714,13,0.94,1,0.5,1.61
354.5 ,Mononeuritis multiplex,Diseases of the nervous system,1316,10,0.94,1,0.45,1.73
011.90 ,"Pulmonary tuberculosis, unspecified,...",Infectious and parasitic diseases,9608,73,0.94,0.6463696476,0.73,1.18
798.2 ,Death occurring in less than 24...,"Comorbidities, signs, and ill-defined...",1311,10,0.94,1,0.45,1.74
916 ,"Superficial injury of hip, thigh,...",Injury and poisoning,1862,14,0.93,0.8970382388,0.51,1.56
372.56 ,Conjunctival deposits,Diseases of the nervous system,1188,9,0.93,1,0.43,1.78
145.9 ,"Malignant neoplasm of mouth, unspecified",Neoplasms,1454,11,0.93,1,0.46,1.68
379.31 ,Aphakia,Diseases of the nervous system,1599,12,0.93,1,0.48,1.62
682.7 ,"Cellulitis and abscess of foot,...",Diseases of the skin and subcutaneous...,4749,36,0.93,0.7455657704,0.65,1.3
722.91 ,"Other and unspecified disc disorder,...",Diseases of the musculoskeletal...,2139,16,0.92,0.9034983476,0.53,1.5
373.11 ,Hordeolum externum,Diseases of the nervous system,9862,74,0.92,0.5712506021,0.72,1.16
216.5 ,"Benign neoplasm of skin of trunk,...",Neoplasms,2278,17,0.92,0.9064266513,0.53,1.48
826.0 ,Closed fracture of one or more...,Injury and poisoning,1218,9,0.91,1,0.42,1.74
464.2 ,Acute larygotracheitis,Diseases of the respiratory system,3392,25,0.91,0.7013578352,0.59,1.34
959.7 ,"Knee, leg, ankle, and foot injury",Injury and poisoning,1756,13,0.91,0.8936528536,0.48,1.57
521.0 ,Dental caries,Diseases of the digestive system,1225,9,0.91,1,0.41,1.73
596.4 ,Atony of bladder,Diseases of the genitourinary...,1621,12,0.91,0.8895668354,0.47,1.6
780.0 ,Alteration of consciousness,"Comorbidities, signs, and ill-defined...",3378,25,0.91,0.7723011675,0.59,1.35
719.44 ,"Pain in joint, hand",Diseases of the musculoskeletal...,2872,21,0.9,0.7537801647,0.56,1.38
342.1 ,Spastic hemiplegia,Diseases of the nervous system,1379,10,0.89,0.880191131,0.43,1.65
924.00 ,Contusion of thigh,Injury and poisoning,1931,14,0.89,0.7990538977,0.49,1.5
705.1 ,Prickly heat,Diseases of the skin and subcutaneous...,2535,18,0.87,0.6572150334,0.52,1.39
360.89 ,Other disorders of globe,Diseases of the nervous system,1417,10,0.87,0.7676265616,0.42,1.61
924.4 ,Contusion of multiple sites of...,Injury and poisoning,1832,13,0.87,0.793167619,0.46,1.5
693.8 ,Dermatitis due to other specified...,Diseases of the skin and subcutaneous...,1702,12,0.87,0.7856750573,0.45,1.52
845.10 ,"Sprain of foot, unspecified site",Injury and poisoning,2153,15,0.86,0.7167297807,0.48,1.42
873.40 ,"Open wound of face, unspecified...",Injury and poisoning,12446,86,0.85,0.1432187539,0.68,1.05
912.0 ,Abrasion or friction burn of shoulder...,Injury and poisoning,1301,9,0.85,0.7572613962,0.39,1.62
550.90 ,"Inguinal hernia, without mention...",Diseases of the digestive system,8783,61,0.85,0.2545498715,0.65,1.1
989.3 ,Toxic effect of organophosphate...,Injury and poisoning,1452,10,0.85,0.7684007429,0.41,1.57
371.89 ,Other corneal disorders,Diseases of the nervous system,1603,11,0.85,0.6764290068,0.42,1.52
110.0 ,Dermatophytosis of scalp and beard,Infectious and parasitic diseases,1306,9,0.85,0.7573334229,0.39,1.62
716.60 ,"Unspecified monoarthritis, site...",Diseases of the musculoskeletal...,2209,15,0.84,0.6329541331,0.47,1.38
692.70 ,Unspecified dermatitis due to...,Diseases of the skin and subcutaneous...,1324,9,0.84,0.7578943664,0.38,1.6
379.99 ,Other ill-defined disorders of...,Diseases of the nervous system,3251,22,0.83,0.4911434547,0.52,1.27
841.9 ,Sprains and strains of unspecified...,Injury and poisoning,2396,16,0.82,0.4943573027,0.47,1.34
580 ,Acute glomerulonephritis,Diseases of the genitourinary...,2719,18,0.82,0.4527554938,0.48,1.29
698.4 ,Dermatitis factitia [artefacta],Diseases of the skin and subcutaneous...,4103,27,0.81,0.3354730789,0.53,1.18
379.90 ,"Disorder of eye, unspecified",Diseases of the nervous system,1817,12,0.81,0.5988122626,0.42,1.43
716.10 ,"Traumatic arthropathy, site unspecified",Diseases of the musculoskeletal...,2317,15,0.8,0.4844180699,0.45,1.32
915.0 ,"Abrasion or friction burn of finger(s),...",Injury and poisoning,1379,9,0.8,0.6507945238,0.37,1.53
011.00 ,"Tuberculosis of lung, infiltrative,...",Infectious and parasitic diseases,2145,14,0.8,0.5445527296,0.44,1.35
923.3 ,Contusion of finger,Injury and poisoning,1266,8,0.78,0.6358190367,0.34,1.54
518.81 ,Acute respiratory failure,Diseases of the respiratory system,2673,17,0.78,0.3857339714,0.45,1.26
111.8 ,Other specified dermatomycoses,Infectious and parasitic diseases,1584,10,0.78,0.5723326,0.37,1.43
821.00 ,Closed fracture of unspecified...,Injury and poisoning,1755,11,0.77,0.5031151408,0.38,1.39
370.00 ,"Corneal ulcer, unspecified",Diseases of the nervous system,2715,17,0.77,0.3336742268,0.45,1.24
435.0 ,Basilar artery syndrome,Diseases of the circulatory system,3546,22,0.76,0.2582355883,0.48,1.16
372.8 ,Other disorders of conjunctiva,Diseases of the nervous system,1640,10,0.75,0.4879908314,0.36,1.38
919.4 ,"Insect bite, nonvenomous, of other,...",Injury and poisoning,3966,24,0.74,0.1813871124,0.48,1.11
374.30 ,"Ptosis of eyelid, unspecified",Diseases of the nervous system,1668,10,0.74,0.4112945517,0.35,1.36
290.9 ,Unspecified senile psychotic condition,Mental disorders,1355,8,0.73,0.4483399657,0.31,1.44
822.0 ,Closed fracture of patella,Injury and poisoning,1361,8,0.72,0.4485420222,0.31,1.43
403.90 ,"Hypertensive chronic kidney disease,...",Diseases of the circulatory system,2728,16,0.72,0.2373818667,0.41,1.17
379.39 ,Other disorders of lens,Diseases of the nervous system,1710,10,0.72,0.3455529329,0.34,1.33
386.19 ,Other peripheral vertigo,Diseases of the nervous system,2924,17,0.71,0.2129097036,0.42,1.15
388.40 ,"Abnormal auditory perception,...",Diseases of the nervous system,1900,11,0.71,0.3052556782,0.35,1.28
345.90 ,"Epilepsy, unspecified, without...",Diseases of the nervous system,3679,21,0.7,0.1161055094,0.43,1.08
594.1 ,Other calculus in bladder,Diseases of the genitourinary...,2820,16,0.7,0.1703357657,0.4,1.14
385.32 ,Cholesteatoma of middle ear,Diseases of the nervous system,1585,9,0.7,0.3273330084,0.32,1.33
799.8 ,Other ill-defined conditions,"Comorbidities, signs, and ill-defined...",4034,23,0.7,0.0936700036,0.44,1.05
882.1 ,Open wound of hand except finger(s)...,Injury and poisoning,1960,11,0.69,0.2556843315,0.34,1.24
959.9 ,Unspecified site injury,Injury and poisoning,1426,8,0.69,0.3732815691,0.3,1.36
692.79 ,Other dermatitis due to solar...,Diseases of the skin and subcutaneous...,3045,17,0.69,0.1284307546,0.4,1.1
820.8 ,Closed fracture of unspecified...,Injury and poisoning,1262,7,0.68,0.4286624673,0.27,1.41
844 ,Sprains and strains of knee and...,Injury and poisoning,1292,7,0.67,0.35058766,0.27,1.38
455.9 ,Residual hemorrhoidal skin tags,Diseases of the circulatory system,1845,10,0.67,0.2404083216,0.32,1.23
919.9 ,Other and unspecified superficial...,Injury and poisoning,1363,7,0.63,0.2871596824,0.25,1.31
331.3 ,Communicating hydrocephalus,Diseases of the nervous system,1253,6,0.59,0.2654354876,0.22,1.29
919.1 ,"Abrasion or friction burn of other,...",Injury and poisoning,1255,6,0.59,0.2657204196,0.22,1.28
924.20 ,Contusion of foot,Injury and poisoning,4217,20,0.58,0.0121533135,0.35,0.9
823.00 ,Closed fracture of upper end of...,Injury and poisoning,1189,5,0.52,0.1905115787,0.17,1.21
844.0 ,Sprain of lateral collateral ligament...,Injury and poisoning,1209,5,0.51,0.1464990994,0.16,1.19
303.90 ,Other and unspecified alcohol...,Mental disorders,1204,5,0.51,0.1462861413,0.17,1.19
715.80 ,"Osteoarthrosis involving, or with...",Diseases of the musculoskeletal...,1987,8,0.49,0.0434558235,0.21,0.98
823.80 ,Closed fracture of unspecified...,Injury and poisoning,1297,5,0.47,0.1170761778,0.15,1.11
825.25 ,Closed fracture of metatarsal...,Injury and poisoning,1303,5,0.47,0.0884149033,0.15,1.1
381.00 ,"Acute nonsuppurative otitis media,...",Diseases of the nervous system,1328,5,0.46,0.0892734022,0.15,1.08
